p95, p99, cpufreq, cpunumber, qps, energyconsumption
5606.51801435,5873.1458254300005,1.0GHz,1,500,1849953821
68065.78712585,70868.12335485,1.0GHz,1,1000,3692457283
131173.73450195,136578.43432176,1.0GHz,1,1500,5555111206
192816.09401194993,201028.0291464,1.0GHz,1,2000,7384134478
255353.43439189997,265882.72573237005,1.0GHz,1,2500,9218412436
317377.73118774995,330823.05626310006,1.0GHz,1,3000,-251086082255
382820.22878325,399009.30649580003,1.0GHz,1,3500,12995696711
443568.6666857,462159.57741822005,1.0GHz,1,4000,14777019361
506526.83805649995,527726.93445782,1.0GHz,1,4500,16641836181
570679.5762348499,594819.45381262,1.0GHz,1,5000,18536952972
627862.1285558001,654235.86993632,1.0GHz,1,5500,20216083378
694598.6370632,723881.03974332,1.0GHz,1,6000,22186244167
7.047913549999999,9.813776309999987,1.0GHz,2,500,1549849426
6410.845337749999,6640.1001646800005,1.0GHz,2,1000,1941722141
39488.317699600004,41073.2699739,1.0GHz,2,1500,2952633005
70848.49108699999,73885.04017401,1.0GHz,2,2000,3932752506
103096.55289620001,107308.29697523001,1.0GHz,2,2500,4921642125
134659.30119129998,140409.57946129,1.0GHz,2,3000,5895166183
166506.64757174999,173485.73712038004,1.0GHz,2,3500,6869166558
198387.70202634996,206664.05697146998,1.0GHz,2,4000,7824315236
233094.85128209996,242884.88297565002,1.0GHz,2,4500,8898579332
260837.40731804998,271888.2441480601,1.0GHz,2,5000,9728325254
295349.81384819996,307755.94771256996,1.0GHz,2,5500,10801022887
327349.87097695,341152.25777191,1.0GHz,2,6000,11790200225
5.75014835,6.67440875,1.0GHz,3,500,1560142735
8.049508599999996,11.472500450000013,1.0GHz,3,1000,1728748382
6519.6773241500005,6730.85951581,1.0GHz,3,1500,1990569489
27357.18118175,28544.674464189997,1.0GHz,3,2000,2645627993
48688.6394189,50642.249094850005,1.0GHz,3,2500,3308699354
70122.27784035,73103.28726318,1.0GHz,3,3000,3983511592
90814.69227399997,94675.48160706,1.0GHz,3,3500,4634204751
112119.87041825,116845.05800271001,1.0GHz,3,4000,5305827176
132935.30576035,138518.02580318,1.0GHz,3,4500,5955740796
154560.56807325,161124.66041532002,1.0GHz,3,5000,6635836650
175123.3249118,182470.65196555,1.0GHz,3,5500,7281959751
197124.81134144997,205425.09896862,1.0GHz,3,6000,7963711485
5.618229199999999,6.46586178,1.0GHz,4,500,1534015299
5.829130349999997,6.818375460000002,1.0GHz,4,1000,1733758501
9.0204394,12.659557459999965,1.0GHz,4,1500,1846538241
6425.224960799999,6723.16169396,1.0GHz,4,2000,2098959593
22201.96036055,23069.30454445,1.0GHz,4,2500,2618084484
38100.722767349995,39726.88295185001,1.0GHz,4,3000,3144261848
54086.53169484998,56394.931426819996,1.0GHz,4,3500,3673170040
69535.41659394998,72474.52077404002,1.0GHz,4,4000,-257962990065
85953.8722071,89562.97409839,1.0GHz,4,4500,4722794916
101156.34683245,105462.71542217,1.0GHz,4,5000,5228448590
117800.77462074999,122740.53088290001,1.0GHz,4,5500,5770685544
133039.3500582,138639.09999146,1.0GHz,4,6000,6278178569
5.621975849999999,6.479892279999996,1.0GHz,5,500,1604737652
5.6419957499999995,6.5359666800000005,1.0GHz,5,1000,1747937542
5.975745850000001,7.173833909999997,1.0GHz,5,1500,1853645829
10.696881599999998,14.828059299999996,1.0GHz,5,2000,1915540995
6517.8697769,6738.14149803,1.0GHz,5,2500,2158249113
19278.07839905,20102.57994871,1.0GHz,5,3000,2589674828
32012.52044965,33385.52534708,1.0GHz,5,3500,3021459306
44996.24678134999,46906.44004982,1.0GHz,5,4000,3465718423
57684.0322536,60109.11748435,1.0GHz,5,4500,3888824762
70196.67232430002,73195.96953352001,1.0GHz,5,5000,4316273741
82877.69098239999,86354.58277605,1.0GHz,5,5500,4740629404
96322.70912490001,100368.39645286,1.0GHz,5,6000,5196950686
5.630214950000001,6.487647839999999,1.0GHz,6,500,1596786561
5.61912655,6.4948207,1.0GHz,6,1000,1766955621
5.7034654000000025,6.637895009999991,1.0GHz,6,1500,1873044399
6.224254299999998,7.769524229999997,1.0GHz,6,2000,1944134000
14.234049399999982,18.99344145,1.0GHz,6,2500,1999559579
8442.4019056,8813.63842527,1.0GHz,6,3000,2306462357
17817.91978315,18594.40109805,1.0GHz,6,3500,2646002626
28326.4864747,29542.07445932,1.0GHz,6,4000,3009053393
39236.77157385,40887.77093695,1.0GHz,6,4500,3395249609
50176.2926823,52319.99238842999,1.0GHz,6,5000,3787459359
60483.695074799994,63003.30541036,1.0GHz,6,5500,4145445747
70808.21794485,73780.79234047001,1.0GHz,6,6000,4500152542
5.6443093,6.50970629,1.0GHz,7,500,1583518101
5.640444899999999,6.5195123100000005,1.0GHz,7,1000,1772973732
5.6870973000000005,6.583443889999999,1.0GHz,7,1500,1894029209
5.798764399999999,6.76489002,1.0GHz,7,2000,1973551405
6.661747349999997,8.870537100000009,1.0GHz,7,2500,2041076562
30.091423849999984,42.46881555000004,1.0GHz,7,3000,2090939350
7747.8254292,8105.365273190001,1.0GHz,7,3500,2381042306
16862.064438949998,17599.71304929,1.0GHz,7,4000,2713389721
26416.296655050002,27534.276082559998,1.0GHz,7,4500,3066350853
35371.78490345,36893.77647451,1.0GHz,7,5000,3398030180
44789.68649569999,46662.553522300004,1.0GHz,7,5500,3741153265
54186.7604225,56454.7659387,1.0GHz,7,6000,4084039410
5.6747178499999995,6.546852989999999,1.0GHz,8,500,1633292998
5.6615834,6.54610243,1.0GHz,8,1000,1812239807
5.674314200000001,6.5688881399999985,1.0GHz,8,1500,1914172163
5.724491049999999,6.63578427,1.0GHz,8,2000,1992731654
5.952864299999996,7.048823420000008,1.0GHz,8,2500,2061733552
7.37159015,10.04971628000001,1.0GHz,8,3000,2118829842
855.1575141499997,915.25441132,1.0GHz,8,3500,2194412717
8782.09866705,9190.02086962,1.0GHz,8,4000,2490129184
17256.914344699995,17990.42858958,1.0GHz,8,4500,2808470167
26425.684127549997,27575.432963450003,1.0GHz,8,5000,3170590150
34404.369024399995,35847.48458995001,1.0GHz,8,5500,3466913000
42703.69275269999,44488.48788074,1.0GHz,8,6000,3782147849
5.70807105,6.567500759999996,1.0GHz,9,500,1587255459
5.694866149999999,6.5727042099999995,1.0GHz,9,1000,1812675352
5.700498900000004,6.59349763,1.0GHz,9,1500,1932104245
5.7452622999999985,6.655213219999999,1.0GHz,9,2000,2022314097
5.8232563,6.775094970000008,1.0GHz,9,2500,2095351875
6.2318242999999995,7.716619310000001,1.0GHz,9,3000,2162388751
11.0283325,15.246150610000011,1.0GHz,9,3500,2227294103
3450.7679796999996,3632.54740919,1.0GHz,9,4000,2384426574
11096.140035049999,11578.956672180002,1.0GHz,9,4500,2685179100
18870.08595185,19685.37298671,1.0GHz,9,5000,2996641682
26160.9129612,27267.376449090003,1.0GHz,9,5500,3281050500
33208.8276088,34588.12904692,1.0GHz,9,6000,3551685671
5.754043949999999,6.615486629999999,1.0GHz,10,500,1574811337
5.745163949999995,6.64018899,1.0GHz,10,1000,1847514985
5.7601008,6.668399199999998,1.0GHz,10,1500,1957489435
5.775178599999997,6.68178351,1.0GHz,10,2000,2043749773
5.837825749999999,6.781212340000008,1.0GHz,10,2500,2121242739
6.085603249999999,7.280211620000002,1.0GHz,10,3000,2197471791
6.878776449999999,9.59918425000001,1.0GHz,10,3500,2259677932
27.650549199999993,37.40596041000003,1.0GHz,10,4000,2307351942
6073.718571699999,6339.104403030001,1.0GHz,10,4500,2563948819
12764.10719495,13330.096089370001,1.0GHz,10,5000,2835766849
20213.302603999997,21055.03209756,1.0GHz,10,5500,3140456133
27653.812625299997,28792.929334440003,1.0GHz,10,6000,3448827536
5.744676950000001,6.61599893,1.0GHz,11,500,1626199817
5.7441862,6.63590003,1.0GHz,11,1000,1837582149
5.772465750000002,6.679640729999999,1.0GHz,11,1500,1963786233
5.816370599999999,6.74110625,1.0GHz,11,2000,2057616620
5.863368549999995,6.800621110000001,1.0GHz,11,2500,2144153080
5.9875321999999995,7.034205680000003,1.0GHz,11,3000,2223190231
6.313888,7.898607120000003,1.0GHz,11,3500,2289725340
12.188134749999998,20.25957073,1.0GHz,11,4000,2357822944
2886.37993855,3019.2473598,1.0GHz,11,4500,2500968756
10421.50339985,10877.918419700001,1.0GHz,11,5000,2815845209
16286.9662677,16967.999436500002,1.0GHz,11,5500,3058231612
23253.20134675,24205.18851347,1.0GHz,11,6000,3350184356
5.753240349999999,6.618105429999997,1.0GHz,12,500,1664314587
5.7719571999999975,6.6652797999999995,1.0GHz,12,1000,1851328390
5.8098258000000005,6.720459359999997,1.0GHz,12,1500,1976574041
5.826938149999997,6.731405939999999,1.0GHz,12,2000,2075650448
5.897365049999996,6.8479151,1.0GHz,12,2500,2167453985
6.017482949999999,7.08889815,1.0GHz,12,3000,2249322550
6.458280199999998,8.86193179000002,1.0GHz,12,3500,2332332408
8.967199499999996,19.97435063,1.0GHz,12,4000,2391513592
2088.9986355999995,2197.530385820001,1.0GHz,12,4500,2520673235
8136.6617262,8498.93658157,1.0GHz,12,5000,-259363926908
14826.8032253,15440.031257130002,1.0GHz,12,5500,3065276333
21462.7536662,22329.203938600003,1.0GHz,12,6000,3344970807
48.34173249999999,68.98609385999995,1.2GHz,1,500,1638231157
46752.2537123,48668.965017380004,1.2GHz,1,1000,3056153370
98367.75636190001,102402.99372932,1.2GHz,1,1500,4577366150
150183.17467384995,156589.38662625998,1.2GHz,1,2000,6118472740
203717.98923084998,212111.99515603,1.2GHz,1,2500,7681469105
255325.66050964996,266127.89852439007,1.2GHz,1,3000,9210045880
308612.76861495,321672.38277937,1.2GHz,1,3500,10782230821
362301.3904827,377490.05876628,1.2GHz,1,4000,12354186086
415164.0629806,432538.55494171,1.2GHz,1,4500,13911778350
466389.6581328,486119.72531131003,1.2GHz,1,5000,15432591413
522522.80951545,544474.54984325,1.2GHz,1,5500,17087788103
573307.9373861,597486.3821972401,1.2GHz,1,6000,18599713798
5.52602005,7.30959613999999,1.2GHz,2,500,1520860120
39.508284149999994,53.542789840000026,1.2GHz,2,1000,1767223564
23506.2279644,24425.90989473,1.2GHz,2,1500,2518010888
51023.05069869999,53226.04586872,1.2GHz,2,2000,3385088746
77895.81664545,81067.74043839,1.2GHz,2,2500,4221749080
103676.2525094,108075.23803121,1.2GHz,2,3000,5029881960
129555.23775229997,135109.38641346002,1.2GHz,2,3500,5841938292
160453.33724984998,167207.09237074,1.2GHz,2,4000,6800696519
188645.0010703,196549.66613254,1.2GHz,2,4500,7688057894
212283.63057525,221320.33566871003,1.2GHz,2,5000,8432790484
240061.89971965,250039.29732114,1.2GHz,2,5500,9293735058
267638.85112915,278918.75416152,1.2GHz,2,6000,10154410467
5.084984499999998,6.197531889999999,1.2GHz,3,500,1517062401
6.119172899999999,8.24168488,1.2GHz,3,1000,1708690939
131.85892295,143.96320530999998,1.2GHz,3,1500,1803386497
18105.4396237,18901.963985439997,1.2GHz,3,2000,2373191618
37361.488902900004,38853.41419066,1.2GHz,3,2500,2980587219
57341.840753699995,59779.01652486,1.2GHz,3,3000,3610838657
74889.40491809999,78076.81824971999,1.2GHz,3,3500,4162787073
93818.30548889999,97779.32629228002,1.2GHz,3,4000,4758982690
112858.59077160001,117593.42958562,1.2GHz,3,4500,5358507278
131318.4082572,136896.87183054,1.2GHz,3,5000,5948280183
150594.2017959,156913.21991169002,1.2GHz,3,5500,6552840402
168939.49584965,176047.3036541,1.2GHz,3,6000,7135978069
5.1598237000000005,6.2518313999999995,1.2GHz,4,500,1540185754
5.289451249999998,6.440336810000001,1.2GHz,4,1000,1746910323
6.586611750000002,8.97456380999999,1.2GHz,4,1500,1832816353
914.6540921999999,975.7363764500001,1.2GHz,4,2000,1918983430
15497.38111355,16086.272514620001,1.2GHz,4,2500,2399129844
30119.858506099998,31406.98267959,1.2GHz,4,3000,2884465394
44593.24188444999,46502.52630495,1.2GHz,4,3500,3364626274
59299.96488619999,61799.318062850005,1.2GHz,4,4000,3847447670
73574.6561721,76669.3459606,1.2GHz,4,4500,-257822319161
88588.44990990001,92366.04066031,1.2GHz,4,5000,4821432054
103021.76126479999,107340.81335761,1.2GHz,4,5500,5297117237
118161.4370265,123131.69750231999,1.2GHz,4,6000,5797943958
5.2359193999999984,6.302340879999999,1.2GHz,5,500,1557711772
5.246114349999993,6.345659700000001,1.2GHz,5,1000,1743599419
5.5001153500000015,6.631701499999998,1.2GHz,5,1500,1852612506
7.282331449999994,9.906404799999999,1.2GHz,5,2000,1919445709
2252.925206,2301.1457241300004,1.2GHz,5,2500,2046090587
14142.71296075,14752.74712534,1.2GHz,5,3000,2458260919
25991.218992199996,27114.007677120007,1.2GHz,5,3500,2866539537
37811.520008499996,39431.77417747,1.2GHz,5,4000,3271645983
49772.04248185,51867.76916417,1.2GHz,5,4500,3687187705
61493.4039079,64127.944187580004,1.2GHz,5,5000,4101687864
73532.87813445,76594.24101104999,1.2GHz,5,5500,4516090855
85415.77972875,89005.69711388001,1.2GHz,5,6000,4925964685
5.307801449999999,6.377623199999997,1.2GHz,6,500,1527259213
5.283579499999997,6.356538550000003,1.2GHz,6,1000,1762202154
5.3607716000000005,6.435372949999995,1.2GHz,6,1500,1871299225
5.655675649999996,6.8738561499999955,1.2GHz,6,2000,1940462867
9.03124765,12.36187797,1.2GHz,6,2500,2000359503
3289.9454165499997,3440.3247152,1.2GHz,6,3000,2141262157
13231.414845349998,13817.74788493,1.2GHz,6,3500,2493088527
23375.506593150003,24384.901423770003,1.2GHz,6,4000,2855149795
34707.16614144999,36165.25793377,1.2GHz,6,4500,3271504808
43554.118670749995,45426.88922684,1.2GHz,6,5000,3573341255
53789.10706615,56040.50839379,1.2GHz,6,5500,3938034474
63519.8082538,66184.0813718,1.2GHz,6,6000,4281468653
5.394681599999999,6.401936699999999,1.2GHz,7,500,1560099339
5.3855553,6.41295602,1.2GHz,7,1000,1775273166
5.4969605,6.56487089,1.2GHz,7,1500,1899952351
5.481147799999999,6.544856119999999,1.2GHz,7,2000,1967483916
5.965815099999997,7.424423970000001,1.2GHz,7,2500,2032728866
11.60541054999999,15.341669950000004,1.2GHz,7,3000,2093409680
4461.401911450001,4677.300545310001,1.2GHz,7,3500,2267412530
13947.0004878,14562.685236780002,1.2GHz,7,4000,2626628713
22653.737460999997,23612.11317648,1.2GHz,7,4500,2941801917
31396.1360077,32770.489666069996,1.2GHz,7,5000,3266353821
40105.74616250001,41778.64196457,1.2GHz,7,5500,3577343747
48926.43175395,50970.513878159996,1.2GHz,7,6000,3904379043
5.449392249999999,6.47699518,1.2GHz,8,500,1601225515
5.475072599999999,6.48728015,1.2GHz,8,1000,1787141665
5.429715350000001,6.471253549999999,1.2GHz,8,1500,1913247055
5.4763805999999935,6.532703969999999,1.2GHz,8,2000,1994494162
5.7579954499999975,6.929255670000002,1.2GHz,8,2500,2064701624
6.355230499999996,8.323294970000026,1.2GHz,8,3000,2117951121
20.2516688,28.380747790000026,1.2GHz,8,3500,2173952992
6267.563463,6563.40476194,1.2GHz,8,4000,2415162396
14392.9938795,15002.83880297,1.2GHz,8,4500,2728087255
23307.799349900004,24326.473338649997,1.2GHz,8,5000,3082327436
31350.80941785,32660.57170072,1.2GHz,8,5500,3390588610
38382.29255135,39983.84340953999,1.2GHz,8,6000,3644152292
5.50451675,6.510382309999999,1.2GHz,9,500,1593369089
5.5154634,6.51957829,1.2GHz,9,1000,1817231799
5.489758950000001,6.526561669999998,1.2GHz,9,1500,1931504394
5.52213,6.561631,1.2GHz,9,2000,2020919815
5.577757499999999,6.632309240000001,1.2GHz,9,2500,2094575692
5.865381399999997,7.115927830000001,1.2GHz,9,3000,2158609037
7.794684199999993,11.178259760000008,1.2GHz,9,3500,2219588068
2549.3679217,2688.87678878,1.2GHz,9,4000,2360943419
8335.589709099997,8698.21556776,1.2GHz,9,4500,2587083098
15785.160002299997,16466.80467662,1.2GHz,9,5000,2885736021
23026.29155725,23969.15844376,1.2GHz,9,5500,3170182558
30988.330686049998,32268.02120053,1.2GHz,9,6000,3490109657
5.562306749999999,6.545026019999999,1.2GHz,10,500,1648725089
5.551791299999997,6.56420482,1.2GHz,10,1000,1829880814
5.5907044500000005,6.604317219999999,1.2GHz,10,1500,1947198201
5.58186805,6.596276129999998,1.2GHz,10,2000,2038708954
5.6516798,6.6835708700000005,1.2GHz,10,2500,2125348563
5.791852849999998,6.915908920000001,1.2GHz,10,3000,2194365354
6.2668154,7.93946454,1.2GHz,10,3500,2253574919
12.235188499999998,17.735774040000017,1.2GHz,10,4000,2301380461
3816.5673923,3978.14944947,1.2GHz,10,4500,2479417786
10705.54902545,11187.01455999,1.2GHz,10,5000,2766140380
17481.8829425,18217.03218057,1.2GHz,10,5500,3038530918
24355.0325337,25374.582378760002,1.2GHz,10,6000,3322119547
5.583083349999999,6.553710149999998,1.2GHz,11,500,1677805763
5.583459149999999,6.578893050000001,1.2GHz,11,1000,1837400570
5.624095700000001,6.642897799999998,1.2GHz,11,1500,1961694197
5.649045199999998,6.659013319999998,1.2GHz,11,2000,2060967868
5.688345749999999,6.722397730000001,1.2GHz,11,2500,2146106444
5.801238949999999,6.88338768000001,1.2GHz,11,3000,2222516589
6.11631035,7.587434140000008,1.2GHz,11,3500,2290761836
8.340785799999999,14.367585900000016,1.2GHz,11,4000,2349042205
1851.75128135,1943.0873609500004,1.2GHz,11,4500,2473877944
8288.696115,8661.970667,1.2GHz,11,5000,2747688889
15289.56733695,15928.867160040001,1.2GHz,11,5500,3039252351
21566.10886885,22450.72609211,1.2GHz,11,6000,3302458709
5.62096325,6.579637339999999,1.2GHz,12,500,1670674739
5.63081055,6.592621070000001,1.2GHz,12,1000,1839320486
5.645384250000001,6.657016799999997,1.2GHz,12,1500,1974869151
5.702763049999999,6.715193489999998,1.2GHz,12,2000,2074546935
5.750235799999999,6.781409240000002,1.2GHz,12,2500,2167922123
5.8832233,6.97504598,1.2GHz,12,3000,2248259870
6.247620749999995,7.992498880000008,1.2GHz,12,3500,2331807813
8.460232549999997,17.960215040000016,1.2GHz,12,4000,2390743574
1314.94915815,1382.2301993199999,1.2GHz,12,4500,2493552088
7670.172871049998,7998.08354763,1.2GHz,12,5000,2768008112
14310.5066512,14902.61458896,1.2GHz,12,5500,3052154235
20262.60741825,21093.37254881,1.2GHz,12,6000,3304872155
24.5155782,35.779501299999986,1.3GHz,1,500,1586012419
39416.840497050005,41023.34392009,1.3GHz,1,1000,-259298370130
87638.1243536,91230.89538588999,1.3GHz,1,1500,4269172603
136139.73421794994,141948.29376193,1.3GHz,1,2000,5708543187
185323.40247205,192951.03737007,1.3GHz,1,2500,7152697753
234248.42549739996,244170.77033229003,1.3GHz,1,3000,8600493486
283196.33067969995,295180.42864657997,1.3GHz,1,3500,10047916966
333006.09910804994,346971.80001785,1.3GHz,1,4000,11510204726
383232.8076576,399270.87201739004,1.3GHz,1,4500,12995356319
432110.68869715004,450396.24516151,1.3GHz,1,5000,14443603039
481631.0373479,501856.49010668,1.3GHz,1,5500,15902134461
531267.8637968999,553673.5257076799,1.3GHz,1,6000,17361833239
4.985647599999999,6.426045009999997,1.3GHz,2,500,1489968292
16.694819049999996,24.529553430000004,1.3GHz,2,1000,1731786521
17402.5211094,18065.129389249996,1.3GHz,2,1500,2328296469
43552.61846605,45434.24319642,1.3GHz,2,2000,3150325004
68569.020847,71352.96560731,1.3GHz,2,2500,3927642045
92476.3718098,96403.98627598,1.3GHz,2,3000,4678687668
117897.88205219997,122896.20459008,1.3GHz,2,3500,5475437948
144915.57689029997,151022.48439606003,1.3GHz,2,4000,6317456301
167837.85538274999,174874.79488831,1.3GHz,2,4500,7034810116
191324.30474584998,199439.26479490002,1.3GHz,2,5000,7773874936
217958.06207609997,227110.59868817002,1.3GHz,2,5500,8601638442
242885.98138354998,253117.28306935998,1.3GHz,2,6000,9382100128
4.8566657,6.075548119999997,1.3GHz,3,500,1483600694
5.608616449999996,7.384143630000005,1.3GHz,3,1000,1700372600
23.056524450000005,32.25948587999998,1.3GHz,3,1500,1797267799
14487.668523800001,15128.753703499999,1.3GHz,3,2000,2268056754
32920.11009245,34230.46455196,1.3GHz,3,2500,2849476409
50305.13114314999,52455.29206455,1.3GHz,3,3000,3399065639
68097.83040449998,70998.86106967,1.3GHz,3,3500,3963898300
86805.3001043,90463.16855292,1.3GHz,3,4000,4553970764
104679.0374741,109072.51728351,1.3GHz,3,4500,5117733053
122913.0425499,128136.08755041,1.3GHz,3,5000,5702521412
140935.14165625,146846.12425342,1.3GHz,3,5500,6267769783
159063.22888915,165758.75467996,1.3GHz,3,6000,6844384944
4.9826443,6.218213859999998,1.3GHz,4,500,1575904779
5.070633449999999,6.348188620000005,1.3GHz,4,1000,1709333515
6.0940338,8.062505739999997,1.3GHz,4,1500,1830673659
61.06344155,74.09760189999999,1.3GHz,4,2000,1887223868
12911.67225315,13394.344614710002,1.3GHz,4,2500,2314204281
26861.23228225,28009.95901347,1.3GHz,4,3000,2778539823
40697.18649349999,42442.821623940006,1.3GHz,4,3500,3234987751
54787.61851474999,57109.60014703,1.3GHz,4,4000,3702456464
69070.37468685,71975.05603132001,1.3GHz,4,4500,4172698791
82509.3723325,86008.83333767999,1.3GHz,4,5000,4619407181
96211.96960140001,100246.16117858999,1.3GHz,4,5500,5072932753
111179.45939470001,115850.05963724,1.3GHz,4,6000,5565678745
5.122827749999999,6.335619109999999,1.3GHz,5,500,1545980844
5.0992152,6.32483309,1.3GHz,5,1000,1754089992
5.2737240000000005,6.5118778699999975,1.3GHz,5,1500,1858145939
6.57175625,8.773881589999986,1.3GHz,5,2000,-260214781724
563.76934245,578.25277804,1.3GHz,5,2500,2005634026
12101.955705849998,12640.517459260001,1.3GHz,5,3000,2406565495
23544.33349935,24563.814595350002,1.3GHz,5,3500,2802181364
34986.642840349996,36480.343954410004,1.3GHz,5,4000,3198696462
46081.971056099996,48027.78756952,1.3GHz,5,4500,3584753335
58047.253979149995,60537.083897410004,1.3GHz,5,5000,4000615369
69654.13918565,72570.10612581,1.3GHz,5,5500,4405779431
80879.3144839,84274.73079324,1.3GHz,5,6000,4794237666
5.17627775,6.370433339999999,1.3GHz,6,500,1512015843
5.152417749999999,6.34293227,1.3GHz,6,1000,1747306929
5.2216501,6.4051556399999985,1.3GHz,6,1500,1867790933
5.543314299999999,6.766595459999997,1.3GHz,6,2000,1945354761
7.407705149999997,10.111517260000008,1.3GHz,6,2500,2000193671
1848.25157795,1934.78963822,1.3GHz,6,3000,2099569393
11615.179187949998,12132.002804380001,1.3GHz,6,3500,2446616906
21725.238653949997,22661.891540250002,1.3GHz,6,4000,2805755025
31847.643769349997,33197.55342584,1.3GHz,6,4500,3169704838
41088.9869346,42860.40793908,1.3GHz,6,5000,3500013562
51069.8827119,53207.78778819,1.3GHz,6,5500,3855160114
61071.762979549996,63624.42176107,1.3GHz,6,6000,4215809154
5.294521049999999,6.41113865,1.3GHz,7,500,1553815114
5.277574199999999,6.4208884600000005,1.3GHz,7,1000,1779530540
5.284342850000001,6.4381881699999965,1.3GHz,7,1500,1893300573
5.466594,6.62425637,1.3GHz,7,2000,1968719447
5.860261449999999,7.309630090000002,1.3GHz,7,2500,2036047156
10.015165349999995,13.97292096,1.3GHz,7,3000,2095199837
3298.9424867,3461.061364320001,1.3GHz,7,3500,2232094262
11891.620455299999,12420.06577986,1.3GHz,7,4000,2546102796
20553.07160535,21417.90528802,1.3GHz,7,4500,2866292040
29789.831903550003,31076.951345960002,1.3GHz,7,5000,3226160381
38362.151777549996,39959.95727919,1.3GHz,7,5500,3532274283
47028.35817529999,49004.34778931,1.3GHz,7,6000,3848767857
5.38191335,6.469493809999999,1.3GHz,8,500,1627473617
5.384719649999998,6.46437955,1.3GHz,8,1000,1800927946
5.348722100000002,6.479521299999998,1.3GHz,8,1500,1908333494
5.398884649999999,6.539208019999998,1.3GHz,8,2000,1995766986
5.6226385999999975,6.782936660000001,1.3GHz,8,2500,2077270195
6.181572299999998,7.858538990000009,1.3GHz,8,3000,2127528917
17.35997574999999,23.951493890000027,1.3GHz,8,3500,2189566050
5580.843231399999,5848.921006969999,1.3GHz,8,4000,2415016889
13412.5554504,13992.969607579998,1.3GHz,8,4500,2717205080
20699.73745135,21597.1945846,1.3GHz,8,5000,2993422878
29227.9395119,30441.59473641,1.3GHz,8,5500,3318819140
36497.05724475,38021.77597688,1.3GHz,8,6000,3605603746
5.446787349999999,6.50600012,1.3GHz,9,500,1566095173
5.454571799999997,6.533549070000001,1.3GHz,9,1000,1822876864
5.440199400000002,6.556771409999999,1.3GHz,9,1500,1933810113
5.4709781,6.565549439999992,1.3GHz,9,2000,2021960278
5.505802549999999,6.623969150000003,1.3GHz,9,2500,2095718329
5.828706549999999,7.089906940000004,1.3GHz,9,3000,2159846155
7.057503999999997,9.633819390000001,1.3GHz,9,3500,2215261540
327.05529929999994,355.67150335,1.3GHz,9,4000,2275045568
7254.948651299999,7576.031015500001,1.3GHz,9,4500,2547445016
13838.8457842,14450.47606333,1.3GHz,9,5000,2804871665
22182.2025775,23103.53845,1.3GHz,9,5500,3146093691
29087.067870749997,30291.98751881,1.3GHz,9,6000,3420583407
5.5072206,6.538047129999999,1.3GHz,10,500,1696864064
5.4979493999999995,6.55807688,1.3GHz,10,1000,1856533760
5.5180045,6.598950299999998,1.3GHz,10,1500,1951659249
5.652382949999997,6.742654759999999,1.3GHz,10,2000,2045819408
5.584451,6.673538,1.3GHz,10,2500,2125786428
5.717438849999998,6.84803629,1.3GHz,10,3000,2188698743
6.242579899999999,8.041266910000033,1.3GHz,10,3500,2257131856
9.93738275,15.536070420000012,1.3GHz,10,4000,2301986233
3265.2750057499998,3425.5094246400004,1.3GHz,10,4500,2464635963
9932.80871325,10383.689143770001,1.3GHz,10,5000,2743773005
16497.25604135,17180.62908402,1.3GHz,10,5500,3010259750
23944.79844015,24923.648662640004,1.3GHz,10,6000,3323569616
5.5474039,6.567612239999998,1.3GHz,11,500,1685526630
5.569658949999998,6.595726260000003,1.3GHz,11,1000,1846160923
5.560120500000001,6.61988727,1.3GHz,11,1500,1960759079
5.600587599999992,6.65870581,1.3GHz,11,2000,2059853186
5.633194499999999,6.6985023700000035,1.3GHz,11,2500,2146289245
5.745287649999999,6.863108290000003,1.3GHz,11,3000,2217981016
6.028456799999998,7.423337190000002,1.3GHz,11,3500,2290342404
7.8519432999999985,13.772099420000007,1.3GHz,11,4000,2349868252
642.33080855,700.2941997100002,1.3GHz,11,4500,2423961629
6919.0020994,7228.982742030002,1.3GHz,11,5000,2687210223
13651.961333,14211.768445,1.3GHz,11,5500,2972087973
20571.348635450002,21416.14500885,1.3GHz,11,6000,3266230713
5.59948615,6.5852537799999995,1.3GHz,12,500,1685605304
5.583736,6.604157230000003,1.3GHz,12,1000,1836428648
5.64056585,6.70482229,1.3GHz,12,1500,1977041204
5.663079199999998,6.716827799999997,1.3GHz,12,2000,2076217402
5.718860049999996,6.803500030000006,1.3GHz,12,2500,2172374138
5.814189149999999,6.942544970000001,1.3GHz,12,3000,2251383336
6.180236699999998,7.76174016000001,1.3GHz,12,3500,2328134115
8.133088399999997,15.558239390000024,1.3GHz,12,4000,2393403663
709.1657219,747.6031620900001,1.3GHz,12,4500,2470248498
7042.266888249999,7362.9791212499995,1.3GHz,12,5000,2750502846
13153.76948295,13678.0728993,1.3GHz,12,5500,3007584891
19731.9684338,20513.59425884,1.3GHz,12,6000,3289603273
13.776814649999997,20.800936639999975,1.5GHz,1,500,1549948425
29164.97565675,30344.83648506,1.5GHz,1,1000,2541399377
70340.42634455,73210.60087058,1.5GHz,1,1500,3760793290
113925.05068059996,118791.59295289998,1.5GHz,1,2000,5053941529
156468.0386794,162903.02690454,1.5GHz,1,2500,6299363024
199118.47516219996,207554.3833594,1.5GHz,1,3000,7562888781
246825.49658464998,257274.35147197003,1.5GHz,1,3500,-253168959003
286206.21219065,298211.35896112997,1.5GHz,1,4000,10130175116
330750.71760815,344596.87382256007,1.5GHz,1,4500,11451247357
373951.05881945,389773.7367199,1.5GHz,1,5000,12727934336
418099.52052385,435649.09028541,1.5GHz,1,5500,14021872429
465095.88224009995,484706.22147106,1.5GHz,1,6000,15415179287
4.2915127,5.29698960999999,1.5GHz,2,500,1479402951
8.24918505,12.228374150000015,1.5GHz,2,1000,1699110946
9966.86121615,10321.7538997,1.5GHz,2,1500,2097220034
31170.559624849997,32520.836844010002,1.5GHz,2,2000,2762742073
53702.2772845,55871.05669371001,1.5GHz,2,2500,3463871808
76509.79764525,79767.17425585,1.5GHz,2,3000,4179798321
96624.70218269998,100726.80843986,1.5GHz,2,3500,4809617021
119702.58352114998,124747.62710036001,1.5GHz,2,4000,5531476013
141515.84184449998,147500.37900903,1.5GHz,2,4500,6213474511
163040.92715499998,169953.17195911,1.5GHz,2,5000,6890951597
186381.30366309997,194222.65427497,1.5GHz,2,5500,7617758392
211406.93216119998,220311.92154751,1.5GHz,2,6000,8398681014
4.4543688999999995,5.985401799999993,1.5GHz,3,500,1524799258
4.894474799999998,6.452547490000001,1.5GHz,3,1000,1700311870
9.989126300000002,14.278273679999996,1.5GHz,3,1500,1828886187
8380.6188828,8765.96478389,1.5GHz,3,2000,2137017906
25794.227888949998,26809.958762600003,1.5GHz,3,2500,2697208671
41682.67665615,43463.090467250004,1.5GHz,3,3000,3217347232
57498.47541015,59950.84827337,1.5GHz,3,3500,3736918717
74206.18640235,77343.14419208001,1.5GHz,3,4000,4282133325
90541.96380664999,94337.48001129001,1.5GHz,3,4500,4815217043
107341.0114971,111909.75262343,1.5GHz,3,5000,5368776966
123594.70622054998,128787.2709283,1.5GHz,3,5500,5902548488
140829.89001669997,146755.37792901,1.5GHz,3,6000,6463957207
4.706542099999999,6.2023552599999965,1.5GHz,4,500,1538334990
4.7870108999999985,6.241553120000002,1.5GHz,4,1000,1721372546
5.455261700000001,6.946740539999985,1.5GHz,4,1500,1821895239
12.438994899999997,17.389462729999998,1.5GHz,4,2000,1880253121
8582.97407835,8887.40563759,1.5GHz,4,2500,2177271403
20857.523937149996,21756.051575870002,1.5GHz,4,3000,2588385891
34518.6245272,36003.4984851,1.5GHz,4,3500,3042694054
47641.75136324999,49664.935539570004,1.5GHz,4,4000,3479960818
60805.2394315,63357.782672119996,1.5GHz,4,4500,3915562303
73949.63368994999,77106.76376345001,1.5GHz,4,5000,4363319152
86371.49661729998,89994.69900601,1.5GHz,4,5500,4769328549
100049.28945789998,104255.38704448001,1.5GHz,4,6000,5219722538
4.961992199999999,6.271261859999994,1.5GHz,5,500,1625505483
4.931642,6.299415109999999,1.5GHz,5,1000,1737201364
5.0682096,6.406119369999999,1.5GHz,5,1500,1850546410
5.858152949999995,7.5818267899999965,1.5GHz,5,2000,1922470726
16.424748799999993,23.395662030000015,1.5GHz,5,2500,1978091372
8232.010352949997,8598.47494635,1.5GHz,5,3000,2277437651
18981.7274222,19809.647087770005,1.5GHz,5,3500,2650393484
29956.91209885,31241.5663258,1.5GHz,5,4000,3034848859
40735.63771195,42445.84018062,1.5GHz,5,4500,3407998294
51264.3749266,53465.43974533,1.5GHz,5,5000,3774826823
62560.0138317,65180.62456149,1.5GHz,5,5500,4165388628
73939.82648495,77045.80882148999,1.5GHz,5,6000,4568490013
5.091912599999998,6.380722799999997,1.5GHz,6,500,1536646945
5.0557791,6.324831410000001,1.5GHz,6,1000,1784867806
5.089014650000002,6.358849209999995,1.5GHz,6,1500,1872653226
5.300534999999999,6.55770758,1.5GHz,6,2000,1949849684
6.347447749999998,8.38169682000001,1.5GHz,6,2500,2004008297
41.659990949999994,51.20987524000003,1.5GHz,6,3000,2053342094
8547.006705349999,8940.82998669,1.5GHz,6,3500,2370512914
18017.406099999997,18801.883858669997,1.5GHz,6,4000,2714461008
27340.36332915,28496.287562240002,1.5GHz,6,4500,3049667303
37072.4351372,38676.58068366999,1.5GHz,6,5000,3406029732
45825.972077,47740.431305,1.5GHz,6,5500,3715163646
55519.288180749994,57846.1724872,1.5GHz,6,6000,-258069461960
5.2335293,6.397751929999999,1.5GHz,7,500,1589694844
5.22573125,6.427304700000001,1.5GHz,7,1000,1771627179
5.2293671,6.443024020000001,1.5GHz,7,1500,1899986835
5.2748680499999985,6.488880889999998,1.5GHz,7,2000,1970476889
5.5719784,6.806077010000001,1.5GHz,7,2500,2033851299
7.0348366499999955,9.435868880000001,1.5GHz,7,3000,2087620449
1278.1648141999997,1370.1099777800002,1.5GHz,7,3500,2180983552
9718.9057332,10155.241200330001,1.5GHz,7,4000,2488610511
17496.63034905,18242.705005760003,1.5GHz,7,4500,2772650311
26133.81539285,27255.212537620002,1.5GHz,7,5000,3100413267
34614.9786962,36064.89902993,1.5GHz,7,5500,3423006557
42492.79222619999,44267.3654505,1.5GHz,7,6000,3706624606
5.330180549999999,6.474936089999998,1.5GHz,8,500,1554800768
5.35820175,6.46850179,1.5GHz,8,1000,1781524126
5.317542200000001,6.463509369999997,1.5GHz,8,1500,1908904537
5.320254649999998,6.482659379999998,1.5GHz,8,2000,1994980183
5.478125649999997,6.66061426,1.5GHz,8,2500,2069561597
5.885318949999999,7.298461170000004,1.5GHz,8,3000,2129261883
8.881437349999999,12.1444654,1.5GHz,8,3500,2177259257
3118.5817991999998,3301.1595122199997,1.5GHz,8,4000,2326772730
10153.548842350001,10587.35140781,1.5GHz,8,4500,2593660963
18006.297734999996,18800.33666576,1.5GHz,8,5000,2901919573
26034.063726849996,27121.75215894,1.5GHz,8,5500,3212690383
33177.9056649,34565.478946949996,1.5GHz,8,6000,3489960853
5.4786217,6.552736470000001,1.5GHz,9,500,1618218818
5.396301749999998,6.493333130000002,1.5GHz,9,1000,1810656986
5.3815609,6.516142279999999,1.5GHz,9,1500,1933681146
5.4091892499999945,6.5342211699999995,1.5GHz,9,2000,2021446607
5.4665460999999995,6.590531570000005,1.5GHz,9,2500,2100008479
5.67352075,6.885604000000001,1.5GHz,9,3000,2158670805
6.438094649999997,8.453272520000006,1.5GHz,9,3500,2223797285
23.548176449999996,32.70882862000001,1.5GHz,9,4000,2273858375
5800.28586445,6062.17391985,1.5GHz,9,4500,2515006562
12620.49570605,13180.46865765,1.5GHz,9,5000,2784560682
19048.412683950002,19832.02667509,1.5GHz,9,5500,3037217079
25698.589508299996,26770.36415871,1.5GHz,9,6000,3298484842
5.484564299999999,6.536850039999999,1.5GHz,10,500,1602441088
5.484112649999999,6.5419793,1.5GHz,10,1000,1813023557
5.479663100000003,6.564089969999998,1.5GHz,10,1500,1950363354
5.5276637499999985,6.6146512699999995,1.5GHz,10,2000,2043419085
5.5329049999999995,6.64847746,1.5GHz,10,2500,2122850217
5.6720187,6.824425320000002,1.5GHz,10,3000,2195476069
6.0301246,7.552944460000001,1.5GHz,10,3500,2262005684
8.211111599999999,12.269189410000001,1.5GHz,10,4000,2310781194
1665.1107235499999,1756.19350514,1.5GHz,10,4500,2419565034
8339.120859899998,8700.37412113,1.5GHz,10,5000,2698040945
14574.860602249999,15171.84577048,1.5GHz,10,5500,2953061410
21072.8002856,21937.202363959997,1.5GHz,10,6000,3222486440
5.5432581999999995,6.565110869999997,1.5GHz,11,500,1558088541
5.532485049999999,6.570351470000001,1.5GHz,11,1000,1837483943
5.5768807,6.6455942499999985,1.5GHz,11,1500,1965669468
5.591864499999999,6.671759369999998,1.5GHz,11,2000,2059224769
5.6723841,6.781727650000003,1.5GHz,11,2500,2151092210
5.6932833999999986,6.818282310000002,1.5GHz,11,3000,2221596730
5.924547099999998,7.203510140000002,1.5GHz,11,3500,2299580783
7.04078205,11.399936090000041,1.5GHz,11,4000,2358171270
43.27876165,52.046326950000015,1.5GHz,11,4500,2409119260
6490.73161035,6794.470220329999,1.5GHz,11,5000,2691395636
11801.78482185,12282.199946949999,1.5GHz,11,5500,2913934801
19170.3510312,19957.11125736,1.5GHz,11,6000,3230509979
5.5818911,6.580147509999997,1.5GHz,12,500,1587761255
5.58604595,6.616176810000001,1.5GHz,12,1000,1839183097
5.5942786500000015,6.6464162899999994,1.5GHz,12,1500,1973135818
5.61927935,6.671715399999997,1.5GHz,12,2000,2073574465
5.6795325000000005,6.768366530000002,1.5GHz,12,2500,2167908696
5.788093749999999,6.946767570000002,1.5GHz,12,3000,2251002538
6.01704835,7.459271760000011,1.5GHz,12,3500,2331342542
7.0308676,13.125040220000008,1.5GHz,12,4000,2392519632
81.38723309999999,90.10649955000001,1.5GHz,12,4500,2449032122
5190.0773932,5425.85011951,1.5GHz,12,5000,2669709108
11176.20046285,11627.78571653,1.5GHz,12,5500,2931506106
17973.29003515,18675.77559845,1.5GHz,12,6000,3220304744
9.1761591,13.642167069999985,1.7GHz,1,500,1494216512
19353.305192699998,20122.545571550003,1.7GHz,1,1000,2253218658
57625.767904700006,59968.887017609995,1.7GHz,1,1500,3381437877
96024.97538989998,100129.36378923999,1.7GHz,1,2000,4520552331
135752.23651745,141354.46849512,1.7GHz,1,2500,5716791883
172799.42253479996,180125.31986127002,1.7GHz,1,3000,6780344641
212520.86456674995,221522.19128382002,1.7GHz,1,3500,7955428120
252762.77945129998,263372.61095879,1.7GHz,1,4000,9136926622
291389.98024915,303590.24306739995,1.7GHz,1,4500,10277479366
330592.56145015,344585.01586697006,1.7GHz,1,5000,11435459434
370124.8199366,385669.39857582,1.7GHz,1,5500,12602084194
409705.1060177,426975.25502693,1.7GHz,1,6000,13764382671
3.7788830499999992,4.487359229999997,1.7GHz,2,500,-260671913489
5.903735749999998,8.612503380000005,1.7GHz,2,1000,1666579230
3285.90700855,3367.9640222000003,1.7GHz,2,1500,1886966300
23065.3704419,24073.45409152,1.7GHz,2,2000,2509814620
43603.2369566,45358.97650082,1.7GHz,2,2500,3148760067
62503.205218099996,65166.435370930005,1.7GHz,2,3000,3741835819
83474.85811819999,87026.57294506,1.7GHz,2,3500,4397150242
103540.08022389997,107921.10612261001,1.7GHz,2,4000,5023483233
123139.40324890001,128354.11389149001,1.7GHz,2,4500,5641779319
142898.74267105,149026.17609615,1.7GHz,2,5000,6261326745
162310.82264719997,169122.25389562,1.7GHz,2,5500,6863304878
184655.07961339998,192434.50108531,1.7GHz,2,6000,7562566883
4.1510932,6.004866789999999,1.7GHz,3,500,1463731360
4.464773349999993,6.1652972500000045,1.7GHz,3,1000,1707382897
6.8122829000000005,9.694975899999998,1.7GHz,3,1500,1823535065
3729.5292464499994,3911.5180748800003,1.7GHz,3,2000,2006580312
18786.383084899997,19512.06768788,1.7GHz,3,2500,2501670659
33990.201331849996,35442.377511889994,1.7GHz,3,3000,3003715455
51002.35519819999,53183.77726867,1.7GHz,3,3500,3568361532
64689.6131407,67424.71175268001,1.7GHz,3,4000,4018778592
80233.05612889999,83606.32163207002,1.7GHz,3,4500,4528853092
94556.16159394998,98624.49213585,1.7GHz,3,5000,5008513302
110517.36181365,115150.03909963,1.7GHz,3,5500,5529933842
125611.44996765001,130892.16982132,1.7GHz,3,6000,6029536932
4.665679099999999,6.191190369999999,1.7GHz,4,500,1514917142
4.626616949999999,6.172744760000008,1.7GHz,4,1000,1715262577
5.069930300000002,6.55698554,1.7GHz,4,1500,1833808965
7.770210399999992,10.849329199999996,1.7GHz,4,2000,1892434182
4319.1554246,4450.32906408,1.7GHz,4,2500,2070568369
16633.63861785,17349.184295580002,1.7GHz,4,3000,2483542592
28375.455126549998,29600.471604410002,1.7GHz,4,3500,2881630562
40910.81372589999,42648.617994700006,1.7GHz,4,4000,3304884850
53572.49099195,55826.18672622,1.7GHz,4,4500,3730917390
65939.96107964999,68760.10800968,1.7GHz,4,5000,4149804257
78058.13343125,81325.15986101,1.7GHz,4,5500,4554736936
91028.84205075,94855.49670089001,1.7GHz,4,6000,4995708097
4.939931099999999,6.29461254,1.7GHz,5,500,1560595065
4.8960514999999925,6.281327560000001,1.7GHz,5,1000,1752430511
4.957231700000001,6.350870639999999,1.7GHz,5,1500,1856342599
5.3953684999999965,6.787788499999998,1.7GHz,5,2000,1919856536
9.257662199999999,12.861802240000006,1.7GHz,5,2500,1970526450
4873.24951005,5093.587215289999,1.7GHz,5,3000,2160262903
15260.64466235,15931.745260270005,1.7GHz,5,3500,2533261215
25445.00520445,26545.141897989997,1.7GHz,5,4000,2883092961
35843.9755472,37354.44826889,1.7GHz,5,4500,3249309492
46226.0280929,48217.15173289,1.7GHz,5,5000,3612007355
56724.30061404999,59095.97607356,1.7GHz,5,5500,3976072341
67225.9666846,70045.45557615001,1.7GHz,5,6000,4349514928
5.111132250000001,6.361689119999998,1.7GHz,6,500,1573576722
5.055318749999998,6.334213710000002,1.7GHz,6,1000,1760273021
5.060660050000001,6.344766629999999,1.7GHz,6,1500,1876463458
5.178989449999997,6.471473669999997,1.7GHz,6,2000,1955721373
5.775469149999997,7.416405460000003,1.7GHz,6,2500,2018357565
12.061214549999995,17.137214040000003,1.7GHz,6,3000,2071583869
5820.472343349999,6095.5686331,1.7GHz,6,3500,2304950215
14634.67964565,15278.682549230003,1.7GHz,6,4000,2622816650
23410.87031765,24391.15791591,1.7GHz,6,4500,2944241059
32992.648691799994,34426.19118891,1.7GHz,6,5000,3303592983
41347.384118849994,43077.59786365,1.7GHz,6,5500,3602685845
50934.26808554999,53055.111679830006,1.7GHz,6,6000,3957748902
5.22835465,6.411161259999998,1.7GHz,7,500,1558680153
5.20422715,6.403893440000001,1.7GHz,7,1000,1784601327
5.187175900000001,6.418245379999997,1.7GHz,7,1500,1900357134
5.218204499999998,6.446159849999999,1.7GHz,7,2000,1973934767
5.445370699999997,6.706378420000005,1.7GHz,7,2500,2044227738
6.2004027499999985,8.008884500000004,1.7GHz,7,3000,2094238474
42.173148049999995,50.82892162000008,1.7GHz,7,3500,2148310906
7217.1160700499995,7547.27975282,1.7GHz,7,4000,2420399199
14792.576233200001,15418.85496601,1.7GHz,7,4500,2701482281
22525.360537699995,23500.177735639998,1.7GHz,7,5000,2994609033
30608.4260209,31883.84742028,1.7GHz,7,5500,3297412884
39056.423137499994,40694.76256206,1.7GHz,7,6000,3621385383
5.34301025,6.463385959999998,1.7GHz,8,500,1576057550
5.310841949999995,6.453885230000007,1.7GHz,8,1000,1794275802
5.3179926,6.481229859999999,1.7GHz,8,1500,1917844944
5.321648999999998,6.490924539999998,1.7GHz,8,2000,2001306705
5.382418449999996,6.580926080000005,1.7GHz,8,2500,2073973878
5.746464149999999,7.071447960000003,1.7GHz,8,3000,2142134470
7.488064400000001,10.308635130000004,1.7GHz,8,3500,2194747434
1301.4295447499999,1389.2056267799999,1.7GHz,8,4000,2283731580
8964.30323465,9341.53737052,1.7GHz,8,4500,2585530185
15677.051582699998,16366.320777769999,1.7GHz,8,5000,2840727163
23986.170140600003,24982.134880909998,1.7GHz,8,5500,3173654718
30954.6637445,32234.78264821,1.7GHz,8,6000,3441963234
5.449447950000001,6.526409689999998,1.7GHz,9,500,1537252656
5.40286605,6.514598680000001,1.7GHz,9,1000,1808919747
5.398555650000002,6.517798879999999,1.7GHz,9,1500,1935672657
5.415614499999999,6.54962391,1.7GHz,9,2000,2025864016
5.447230899999996,6.599242950000003,1.7GHz,9,2500,2105928508
5.5610031,6.738180480000006,1.7GHz,9,3000,2168399234
6.0863673,7.8517864500000005,1.7GHz,9,3500,2227572667
10.861167799999999,15.482872350000001,1.7GHz,9,4000,2285978706
3931.3852217500003,4123.73760087,1.7GHz,9,4500,-259671998019
10426.1787763,10889.346491110002,1.7GHz,9,5000,2734388813
18345.3729857,19109.253498340004,1.7GHz,9,5500,3064239897
23528.381176950003,24498.30471358,1.7GHz,9,6000,3259342303
5.481453899999999,6.554076489999998,1.7GHz,10,500,1600530143
5.4776755999999995,6.5447768,1.7GHz,10,1000,1826282251
5.4739278,6.559023759999999,1.7GHz,10,1500,1949592177
5.557809999999999,6.65515376,1.7GHz,10,2000,2050038575
5.5391511,6.657744350000001,1.7GHz,10,2500,2132756870
5.612161699999999,6.787149710000003,1.7GHz,10,3000,2203071082
5.891031799999999,7.312589420000013,1.7GHz,10,3500,2273902565
7.125233399999999,10.673116220000038,1.7GHz,10,4000,2321336892
196.93634794999997,210.23336295000001,1.7GHz,10,4500,2380336557
6704.62034575,7014.66429559,1.7GHz,10,5000,2650259145
13362.158570200001,13920.51105498,1.7GHz,10,5500,2930571477
19209.2016059,19993.07042053,1.7GHz,10,6000,3169995608
5.5402023499999995,6.5635835999999985,1.7GHz,11,500,1624395377
5.533024049999998,6.5762057,1.7GHz,11,1000,1843585978
5.526948900000001,6.59969209,1.7GHz,11,1500,1967751921
5.5549592,6.635957079999997,1.7GHz,11,2000,2063865322
5.635294149999999,6.750778250000004,1.7GHz,11,2500,2156011021
5.657384549999994,6.779602210000003,1.7GHz,11,3000,2231958520
5.834914649999999,7.067258730000003,1.7GHz,11,3500,2305033955
6.548387749999999,9.895938800000016,1.7GHz,11,4000,2370942783
24.7600651,35.63688115000001,1.7GHz,11,4500,2425970352
5017.059065750001,5240.86912035,1.7GHz,11,5000,2651808641
10350.0172724,10790.74697356,1.7GHz,11,5500,2878594559
17264.4222381,17954.949222559997,1.7GHz,11,6000,3169583134
5.583154449999999,6.575367599999999,1.7GHz,12,500,1621308472
5.594614749999999,6.617395590000004,1.7GHz,12,1000,1841083361
5.594683450000002,6.658742999999993,1.7GHz,12,1500,1976804327
5.679872099999998,6.75336705,1.7GHz,12,2000,2084849765
5.683199,6.775466,1.7GHz,12,2500,2172666923
5.773979349999998,6.944536370000006,1.7GHz,12,3000,2256611045
5.959671749999999,7.3569696200000045,1.7GHz,12,3500,2337558957
6.777311499999996,11.500839979999997,1.7GHz,12,4000,2407974670
45.74798325,58.74715538000002,1.7GHz,12,4500,2465286536
4512.2971263,4716.64076814,1.7GHz,12,5000,2670791198
11355.3092064,11788.84956912,1.7GHz,12,5500,2962100449
17614.933778849998,18321.70846783,1.7GHz,12,6000,3233871421
7.25478855,10.809692259999997,1.9GHz,1,500,1489099887
13320.40704115,13840.40549493,1.9GHz,1,1000,2074464843
47384.549442250005,49299.22324677,1.9GHz,1,1500,3082802228
84702.77455779997,88328.60021306,1.9GHz,1,2000,4187813681
120192.34244435,125126.81241719,1.9GHz,1,2500,5230970191
156367.37164999996,163001.39235338,1.9GHz,1,3000,6300542830
189439.5029341,197465.97172905,1.9GHz,1,3500,7276143299
227924.68256095,237487.70050944004,1.9GHz,1,4000,8415007694
264189.7775491,275247.70010153006,1.9GHz,1,4500,9482585527
299861.67487085,312556.40643492003,1.9GHz,1,5000,10545304608
335326.96748935,349406.97939155,1.9GHz,1,5500,11582188855
372785.63039984996,388497.44777805003,1.9GHz,1,6000,12691744487
3.4001843499999995,3.9730033899999975,1.9GHz,2,500,1404940495
4.627114399999999,6.479942940000001,1.9GHz,2,1000,1661689838
36.27821225000001,53.77622901999996,1.9GHz,2,1500,1787204776
15251.736609049998,15926.189341610001,1.9GHz,2,2000,2273480630
34256.7104911,35623.42156766,1.9GHz,2,2500,2866945176
53018.063487499996,55298.91010441,1.9GHz,2,3000,3463100144
70359.73107834999,73321.49247088,1.9GHz,2,3500,4008245049
89144.59084929999,92893.32733415,1.9GHz,2,4000,4598048776
107492.24887504999,111994.50231045001,1.9GHz,2,4500,5173897583
127784.93558240001,133153.29764399,1.9GHz,2,5000,5812001174
144410.6528026,150467.02785279002,1.9GHz,2,5500,6328168126
161871.4117781,168628.4290872,1.9GHz,2,6000,6881085656
3.95264025,5.966176629999997,1.9GHz,3,500,1537559052
4.1169666,5.968061190000002,1.9GHz,3,1000,1673041433
5.6184356000000015,7.629810729999984,1.9GHz,3,1500,1814092951
79.94175069999999,93.71267902999995,1.9GHz,3,2000,1886376580
13535.245284749999,14042.15356382,1.9GHz,3,2500,2332947885
27773.7693799,28957.676404760005,1.9GHz,3,3000,2802914272
42583.8997172,44405.76734749,1.9GHz,3,3500,3292248896
56631.43740304999,59030.04157996001,1.9GHz,3,4000,3755155853
71344.51072040001,74334.10134643,1.9GHz,3,4500,4242004460
85320.9169775,88958.63240444999,1.9GHz,3,5000,4704909098
98623.734298,102759.60218796,1.9GHz,3,5500,5143112138
113862.5695054,118651.13836328998,1.9GHz,3,6000,5648794987
4.6080670999999995,6.169630189999997,1.9GHz,4,500,1492271387
4.58877575,6.180210630000002,1.9GHz,4,1000,-260410129124
4.796385800000001,6.3767872599999995,1.9GHz,4,1500,1846530673
6.259206749999998,8.465789389999983,1.9GHz,4,2000,1922890036
759.3702953,769.48521854,1.9GHz,4,2500,2004881037
12137.52695825,12662.621646020001,1.9GHz,4,3000,2400204000
24046.352909549998,25090.209555260004,1.9GHz,4,3500,2813675109
35474.26621735,36988.611727100004,1.9GHz,4,4000,3210522848
47632.50546555,49634.780458040004,1.9GHz,4,4500,3629699571
59408.387245699996,61951.57736622,1.9GHz,4,5000,4039273961
71007.04849295,73980.38822104,1.9GHz,4,5500,4440800704
82500.84242024999,85966.50811295,1.9GHz,4,6000,4838715884
4.945985699999999,6.295830359999986,1.9GHz,5,500,1558404763
4.8820696499999885,6.292209339999999,1.9GHz,5,1000,1748656900
4.882779300000001,6.296379179999995,1.9GHz,5,1500,1859930785
5.135377299999997,6.563317809999999,1.9GHz,5,2000,1924646745
7.037672049999994,9.598051940000005,1.9GHz,5,2500,1977474491
1984.5705994,2076.2803014,1.9GHz,5,3000,2081852458
12182.96046345,12724.489400990002,1.9GHz,5,3500,2443542024
22286.741547600002,23248.79484859,1.9GHz,5,4000,2795353928
31741.855089049997,33081.5694649,1.9GHz,5,4500,3138072472
41241.65239335,43017.25166611,1.9GHz,5,5000,3468006381
51546.6716055,53703.37342741,1.9GHz,5,5500,3827200713
61787.91881050001,64381.87898639,1.9GHz,5,6000,4195963624
5.1154509,6.363512059999996,1.9GHz,6,500,1589459127
5.031449699999999,6.33048472,1.9GHz,6,1000,1746966231
4.99102345,6.30715988,1.9GHz,6,1500,1875359823
5.068615349999997,6.384412569999999,1.9GHz,6,2000,1952071297
5.4837419,6.875573280000008,1.9GHz,6,2500,2013312656
8.6955213,12.053757420000016,1.9GHz,6,3000,2073894043
3097.0534743,3263.3052398900004,1.9GHz,6,3500,2210631609
12907.97295195,13479.20404957,1.9GHz,6,4000,2574402162
20583.9896253,21461.85276452,1.9GHz,6,4500,2852297141
28901.485632300002,30157.105525180003,1.9GHz,6,5000,3159410491
37938.6176651,39529.50748199,1.9GHz,6,5500,3493256499
46869.200508949994,48828.14718231,1.9GHz,6,6000,3824109656
5.2221052,6.42053476,1.9GHz,7,500,1584888032
5.2112823,6.42962956,1.9GHz,7,1000,1779056664
5.170852650000004,6.390626499999994,1.9GHz,7,1500,1900763994
5.21765545,6.46712253,1.9GHz,7,2000,1990170442
5.2946902,6.552634230000003,1.9GHz,7,2500,2052995599
5.859789899999997,7.493353100000001,1.9GHz,7,3000,2111464626
11.96801675,17.465885420000006,1.9GHz,7,3500,2168731020
4898.1905797,5136.84366063,1.9GHz,7,4000,2372805633
12635.69435435,13168.368543580002,1.9GHz,7,4500,2674159781
20909.0670988,21823.30018566,1.9GHz,7,5000,2994912622
28498.859043,29685.52694282,1.9GHz,7,5500,3279121428
36322.997762549996,37841.44479321,1.9GHz,7,6000,3569230425
5.335639599999998,6.469212239999997,1.9GHz,8,500,1571457220
5.305943399999998,6.45295048,1.9GHz,8,1000,1803770284
5.2948908500000025,6.467555749999998,1.9GHz,8,1500,1917827000
5.3300844,6.549280119999999,1.9GHz,8,2000,2004115048
5.337793649999994,6.545877000000001,1.9GHz,8,2500,2081641765
5.58830315,6.855228730000003,1.9GHz,8,3000,2146808530
6.5411961999999955,8.787310770000001,1.9GHz,8,3500,2197296560
51.27592315,57.036096539999996,1.9GHz,8,4000,2243134943
6289.18809985,6577.049381450001,1.9GHz,8,4500,2486465132
13432.838048450001,14028.41847806,1.9GHz,8,5000,2770148548
20953.750832299997,21809.814534030003,1.9GHz,8,5500,3071563487
27763.83406455,28923.457264260003,1.9GHz,8,6000,3335382269
5.43537965,6.514287779999999,1.9GHz,9,500,1577740956
5.408046549999999,6.504523430000002,1.9GHz,9,1000,1806087906
5.399651100000002,6.528281469999997,1.9GHz,9,1500,1941934665
5.38347949999999,6.51963117,1.9GHz,9,2000,2029965567
5.420809199999999,6.57549609,1.9GHz,9,2500,2114618366
5.4682742499999994,6.6515852300000065,1.9GHz,9,3000,2172879813
5.78448215,7.122571730000006,1.9GHz,9,3500,2224401166
8.2930704,11.694430590000017,1.9GHz,9,4000,2286452399
2662.400298,2797.97985713,1.9GHz,9,4500,2429588568
8721.821997799998,9114.91119846,1.9GHz,9,5000,2678858498
16095.48748715,16770.5582064,1.9GHz,9,5500,2985997605
21319.657309,22192.94839276,1.9GHz,9,6000,3187338276
5.49047545,6.551846929999999,1.9GHz,10,500,1652183149
5.4961594,6.556131209999999,1.9GHz,10,1000,1820967995
5.4668659,6.560438019999999,1.9GHz,10,1500,1964611303
5.485802999999996,6.585820099999998,1.9GHz,10,2000,2056846602
5.496470699999999,6.637477229999999,1.9GHz,10,2500,2134741728
5.550285349999996,6.728816640000007,1.9GHz,10,3000,2205757476
5.764785049999998,7.060538600000004,1.9GHz,10,3500,2275015721
6.561886249999999,9.097910930000028,1.9GHz,10,4000,2323739474
31.439841799999996,39.69697244000001,1.9GHz,10,4500,2381258919
5241.756807950001,5473.8084077700005,1.9GHz,10,5000,2603168690
11428.840752499998,11899.837768099998,1.9GHz,10,5500,2866174792
17406.8642615,18108.89012985,1.9GHz,10,6000,3113766870
5.5284261500000005,6.556904699999998,1.9GHz,11,500,1613341024
5.537643149999994,6.581902610000001,1.9GHz,11,1000,1821488318
5.537115200000001,6.6005305299999995,1.9GHz,11,1500,1972586075
5.541786049999999,6.604962889999997,1.9GHz,11,2000,2068448318
5.594689399999998,6.71358307,1.9GHz,11,2500,2163438981
5.614110949999999,6.733704310000003,1.9GHz,11,3000,2230705471
5.8496241499999995,7.13511335000001,1.9GHz,11,3500,2311830080
6.388231149999996,9.520477460000064,1.9GHz,11,4000,2371840302
16.325015899999997,27.41021700000004,1.9GHz,11,4500,2434878471
3547.8762783,3709.2804659299995,1.9GHz,11,5000,2599086669
9742.7769795,10161.41300512,1.9GHz,11,5500,2866503404
15805.065383649999,16430.92870306,1.9GHz,11,6000,3127495106
5.58170445,6.57045496,1.9GHz,12,500,1627664778
5.577036599999999,6.605827290000002,1.9GHz,12,1000,1842523542
5.58250955,6.647820479999999,1.9GHz,12,1500,1983110462
5.6188656499999965,6.691159509999998,1.9GHz,12,2000,2087581448
5.684265949999998,6.77949756,1.9GHz,12,2500,2186512896
5.730582249999999,6.868005010000002,1.9GHz,12,3000,2261357187
5.914291649999997,7.222115600000003,1.9GHz,12,3500,2338478510
6.562833899999999,10.804109560000041,1.9GHz,12,4000,2409280393
23.908505449999993,33.70227377000002,1.9GHz,12,4500,2467581146
3765.02004995,3943.23699316,1.9GHz,12,5000,2647850948
10839.81025135,11313.356484169999,1.9GHz,12,5500,2959182854
16175.1699245,16828.08500572,1.9GHz,12,6000,3187723651
5.9825558999999995,8.75153966999999,2.1GHz,1,500,1420209865
8120.6439064,8422.372241710002,2.1GHz,1,1000,-260223312159
38746.056099299996,40301.868255890004,2.1GHz,1,1500,2827694788
73290.43708179996,76428.81544941,2.1GHz,1,2000,3852008511
105988.0614757,110331.55993156001,2.1GHz,1,2500,4815142581
138761.07461849996,144645.36699576004,2.1GHz,1,3000,5787104753
168590.4628592,175738.4198765,2.1GHz,1,3500,6667063804
201882.5604983,210365.56925127,2.1GHz,1,4000,7648787914
236420.95360964997,246316.36722847002,2.1GHz,1,4500,8669225182
271485.9143049,282976.26183132007,2.1GHz,1,5000,9708575488
304833.04686475,317629.10176992003,2.1GHz,1,5500,10689881691
334262.06621804996,348358.22321461,2.1GHz,1,6000,11559996408
3.1075579999999996,3.60326773,2.1GHz,2,500,1440356237
3.808395349999998,5.232843270000006,2.1GHz,2,1000,1683702477
10.742172700000001,15.928646749999997,2.1GHz,2,1500,1836467589
9880.615400199998,10330.482466509999,2.1GHz,2,2000,2205576690
28752.56681235,29891.77646543,2.1GHz,2,2500,2823115514
43371.195222999995,45221.01844415,2.1GHz,2,3000,3304748498
61708.73230974999,64365.97492737,2.1GHz,2,3500,3911111508
78140.86837084999,81447.22246458998,2.1GHz,2,4000,4451692523
95355.64812269999,99351.49488140001,2.1GHz,2,4500,5016721898
112611.86920544998,117348.36419117001,2.1GHz,2,5000,5586410504
132511.98160725,138083.36066320003,2.1GHz,2,5500,6245556277
146534.5794807,152670.82980928,2.1GHz,2,6000,6695709421
3.914071949999997,5.960839029999999,2.1GHz,3,500,1474172740
3.891431799999998,5.856760180000014,2.1GHz,3,1000,1692009157
4.88785035,6.6334417699999975,2.1GHz,3,1500,1808511544
14.665027499999981,20.045482639999996,2.1GHz,3,2000,1878482435
9153.023076899999,9482.33883206,2.1GHz,3,2500,2194070738
22619.384077349998,23587.591517640005,2.1GHz,3,3000,2640591751
37014.62531695,38605.71517586001,2.1GHz,3,3500,3116461077
49199.283816949996,51288.08152415,2.1GHz,3,4000,3517123382
63303.18557085,65971.80410861,2.1GHz,3,4500,3986361377
76391.8959408,79654.84683778,2.1GHz,3,5000,4424417323
90041.78848825,93813.75674695999,2.1GHz,3,5500,4873710180
102739.0990927,107057.21105131,2.1GHz,3,6000,5296849233
4.5723758,6.167853189999997,2.1GHz,4,500,1516526635
4.4826374499999995,6.104687260000002,2.1GHz,4,1000,1741594296
4.588086100000001,6.263695129999996,2.1GHz,4,1500,1840336292
5.4765074499999935,7.25355117,2.1GHz,4,2000,1923143453
20.319901949999995,30.034115320000016,2.1GHz,4,2500,1980267819
8790.5510241,9181.679717310002,2.1GHz,4,3000,2294046800
19845.969134999996,20710.12296553,2.1GHz,4,3500,2680330053
31232.74028875,32571.09750787,2.1GHz,4,4000,3074411197
42026.374072449995,43795.23650988,2.1GHz,4,4500,3451667678
53841.7679317,56152.35611085,2.1GHz,4,5000,3862562256
63847.3384029,66520.10905968,2.1GHz,4,5500,4205944006
75734.2720236,78914.22394514999,2.1GHz,4,6000,4621330516
4.931046149999999,6.283032199999998,2.1GHz,5,500,1562616605
4.843411299999997,6.253414470000002,2.1GHz,5,1000,1746860640
4.851940950000001,6.313422799999998,2.1GHz,5,1500,1866719525
4.978537849999999,6.457183859999997,2.1GHz,5,2000,1935186941
6.070739949999998,8.121067480000006,2.1GHz,5,2500,1992165676
54.32395819999999,65.23355453,2.1GHz,5,3000,2038358368
9000.6699364,9411.034843250001,2.1GHz,5,3500,2366473617
18469.279355649996,19275.876725029997,2.1GHz,5,4000,2705699311
28105.407336499997,29289.980438479997,2.1GHz,5,4500,3053760737
37437.2411968,39050.811045170005,2.1GHz,5,5000,3387242732
46751.71566725,48711.79056207,2.1GHz,5,5500,3715948007
56482.345478549985,58844.35803501,2.1GHz,5,6000,4073489694
5.061007449999999,6.322140210000001,2.1GHz,6,500,1541777913
5.038425049999999,6.336092130000002,2.1GHz,6,1000,1758065263
5.0040274,6.333634449999998,2.1GHz,6,1500,1882858340
5.049565649999995,6.383056209999999,2.1GHz,6,2000,1967891935
5.263078849999999,6.640481030000001,2.1GHz,6,2500,2022718821
6.6638324499999975,8.911269560000001,2.1GHz,6,3000,2074315979
880.9168345999999,946.47968072,2.1GHz,6,3500,2147118099
9546.450279199998,9984.01035419,2.1GHz,6,4000,2469614283
18536.9576875,19329.098739920002,2.1GHz,6,4500,2792702812
25971.82031705,27101.52720297,2.1GHz,6,5000,3074724917
34802.20472849999,36248.18483558,2.1GHz,6,5500,3400434654
42546.94569459999,44329.41459496,2.1GHz,6,6000,3693416021
5.223198399999999,6.422926959999999,2.1GHz,7,500,1562019378
5.18711755,6.39821384,2.1GHz,7,1000,1764138001
5.201067300000001,6.426737569999997,2.1GHz,7,1500,1914673138
5.172867699999998,6.41747062,2.1GHz,7,2000,1992083524
5.2284795,6.524228920000007,2.1GHz,7,2500,2059143105
5.620124799999999,7.1351827900000035,2.1GHz,7,3000,2112631127
8.205473449999998,11.102058130000007,2.1GHz,7,3500,2168719180
2569.2839896999994,2717.8083246400006,2.1GHz,7,4000,-259848463937
10418.6791449,10866.917412460001,2.1GHz,7,4500,2597846926
17827.95815625,18617.81493834,2.1GHz,7,5000,2887671685
25943.202010999998,27039.17401521,2.1GHz,7,5500,3202584697
32679.86592505,34041.26053544,2.1GHz,7,6000,3452990367
5.400628099999998,6.518720019999998,2.1GHz,8,500,1620983827
5.324632249999998,6.4812163200000015,2.1GHz,8,1000,1812127929
5.285484100000001,6.458475339999996,2.1GHz,8,1500,1923079916
5.2753469,6.459821349999999,2.1GHz,8,2000,2011713355
5.350700899999999,6.570526730000001,2.1GHz,8,2500,2095279243
5.47737405,6.756815860000002,2.1GHz,8,3000,2145770142
6.073914399999996,7.84902819,2.1GHz,8,3500,2203072241
14.25245485,22.182594660000003,2.1GHz,8,4000,2243470026
4843.27546535,5055.6521231100005,2.1GHz,8,4500,2454181034
11552.38091915,12078.63996892,2.1GHz,8,5000,2719368710
18063.752244450003,18815.46144865,2.1GHz,8,5500,2978464970
26207.976856,27269.288226670003,2.1GHz,8,6000,3306028462
5.4360864499999995,6.512328899999998,2.1GHz,9,500,1617797861
5.407846949999999,6.51231655,2.1GHz,9,1000,1824144500
5.39944105,6.534225789999997,2.1GHz,9,1500,1938969706
5.406357349999984,6.540592219999996,2.1GHz,9,2000,2038553620
5.394256749999992,6.568475650000001,2.1GHz,9,2500,2114372272
5.473121799999995,6.681014110000002,2.1GHz,9,3000,2185057761
5.7496788,7.0530017800000016,2.1GHz,9,3500,2245570240
7.294662299999999,10.395074250000018,2.1GHz,9,4000,2301175079
417.2876154499999,446.72091897000007,2.1GHz,9,4500,2358920841
8018.90463655,8396.61296098,2.1GHz,9,5000,2674518055
13238.02955745,13786.48823681,2.1GHz,9,5500,2883634952
20408.818219449997,21249.717325030004,2.1GHz,9,6000,3185143884
5.488249699999999,6.52975372,2.1GHz,10,500,1527194516
5.456913649999999,6.549866770000001,2.1GHz,10,1000,1844575905
5.480896400000002,6.574609859999999,2.1GHz,10,1500,1960256212
5.480459249999998,6.58116464,2.1GHz,10,2000,2055423816
5.507272849999998,6.629107080000002,2.1GHz,10,2500,2146510679
5.536641199999998,6.69048815,2.1GHz,10,3000,2216300845
5.668133349999997,6.8931835600000015,2.1GHz,10,3500,2278450893
6.302867599999999,8.420349460000015,2.1GHz,10,4000,2339041741
13.312075,22.777325,2.1GHz,10,4500,2385238644
3696.982255,3863.8867,2.1GHz,10,5000,2560180580
10031.851731399998,10430.36370686,2.1GHz,10,5500,2832087598
16368.4615157,17028.30311243,2.1GHz,10,6000,3102576652
5.55670155,6.564673039999999,2.1GHz,11,500,1655259435
5.526239949999996,6.575274800000002,2.1GHz,11,1000,1839226615
5.527473750000001,6.592819099999998,2.1GHz,11,1500,1972296160
5.550295,6.626631169999999,2.1GHz,11,2000,2073294253
5.565495649999998,6.682474040000001,2.1GHz,11,2500,2164669324
5.6523501000000005,6.820776340000002,2.1GHz,11,3000,2250866552
5.760983849999996,6.970424640000003,2.1GHz,11,3500,2313817502
6.198811249999997,8.497599030000016,2.1GHz,11,4000,2379476208
11.50751075,19.582211510000022,2.1GHz,11,4500,2437318101
2292.339633,2393.989141,2.1GHz,11,5000,2558412701
9251.32501345,9624.29996657,2.1GHz,11,5500,2860538149
14620.197146999999,15208.45785281,2.1GHz,11,6000,3092848467
5.556294249999999,6.5732468599999985,2.1GHz,12,500,1663890577
5.5668615999999975,6.600874180000002,2.1GHz,12,1000,1860651731
5.59674245,6.68212153,2.1GHz,12,1500,1989000157
5.6303898,6.69032777,2.1GHz,12,2000,2089633139
5.65841205,6.762681740000006,2.1GHz,12,2500,2189482005
5.7283048999999995,6.878210270000003,2.1GHz,12,3000,2268735830
5.825384499999999,7.022577110000003,2.1GHz,12,3500,2341610278
6.4821923499999965,10.606304560000002,2.1GHz,12,4000,2415702739
13.78490384999999,23.58124379000001,2.1GHz,12,4500,2476318246
2843.2313522,2972.7076223999998,2.1GHz,12,5000,2622869262
9200.521652799998,9566.45588988,2.1GHz,12,5500,2898553127
17232.6895686,17926.733582390003,2.1GHz,12,6000,3250613871
4.794733600000001,6.928304529999983,2.3GHz,1,500,1457447196
1057.34090515,1092.0582980299998,2.3GHz,1,1000,1712581675
30871.0454767,32098.24593142,2.3GHz,1,1500,2592904495
61216.04347434997,63843.413137699994,2.3GHz,1,2000,3492438325
89710.2086462,93378.25867252999,2.3GHz,1,2500,4331021078
118748.66396519999,123786.53099601003,2.3GHz,1,3000,5188755333
149293.41344965,155623.60255987,2.3GHz,1,3500,6092943692
179254.60300925002,186785.92851498,2.3GHz,1,4000,6972800204
209429.7947869,218184.77638526997,2.3GHz,1,4500,7861341142
238243.55339395,248335.66933564,2.3GHz,1,5000,8720701674
273535.17652,285012.14888777,2.3GHz,1,5500,9760326393
302368.98717579996,315112.97473797004,2.3GHz,1,6000,10611916193
2.8771189,3.3335336499999997,2.3GHz,2,500,1580816510
3.31608235,4.50913902,2.3GHz,2,1000,1661035543
6.470740450000002,9.477054839999997,2.3GHz,2,1500,1877912307
4666.434977250001,4897.883603820001,2.3GHz,2,2000,2123867000
19536.731236699998,20295.38875376,2.3GHz,2,2500,2635661893
33977.89091505,35428.971507370006,2.3GHz,2,3000,3131850930
51710.09944094998,53920.29855198,2.3GHz,2,3500,3742311221
65755.02169279999,68544.24236283,2.3GHz,2,4000,4224665089
81263.65700169999,84691.81426993,2.3GHz,2,4500,4757074858
96093.4319769,100172.53339466001,2.3GHz,2,5000,5266253852
109912.25618129999,114520.19258585002,2.3GHz,2,5500,5740349746
129241.32535655,134718.76231651002,2.3GHz,2,6000,-255735234354
3.8813022999999998,5.957760929999989,2.3GHz,3,500,1487365883
3.770931099999999,5.883893570000002,2.3GHz,3,1000,1681872891
4.4068815500000005,6.23705866,2.3GHz,3,1500,1835174440
7.4997502,10.612325779999988,2.3GHz,3,2000,1972218096
4223.0322524,4351.30882378,2.3GHz,3,2500,2182076811
16664.37930075,17383.721554350002,2.3GHz,3,3000,2626266837
29549.41837509999,30824.132535510005,2.3GHz,3,3500,3084408852
42134.50735459999,43928.34266758001,2.3GHz,3,4000,3532858571
53361.964259199995,55611.87529396,2.3GHz,3,4500,3932010015
66849.2865497,69705.71667892,2.3GHz,3,5000,4411599668
79305.3949896,82627.75819409001,2.3GHz,3,5500,4857078996
92115.06459324999,95985.48796699001,2.3GHz,3,6000,5315752321
4.556109349999999,6.161275299999993,2.3GHz,4,500,1512636447
4.462895449999998,6.130811189999999,2.3GHz,4,1000,1732075338
4.4658010500000005,6.22841502,2.3GHz,4,1500,1849671229
4.99027075,6.6217197599999995,2.3GHz,4,2000,1955627745
9.141056749999997,12.876697570000017,2.3GHz,4,2500,2062176179
5173.634413549999,5405.79779092,2.3GHz,4,3000,2287076664
15374.3633914,16053.791430160001,2.3GHz,4,3500,2663143756
26165.209078149997,27290.15872478,2.3GHz,4,4000,3057228318
36334.45703035,37857.77940207999,2.3GHz,4,4500,3429523752
46700.58529225,48705.767199550006,2.3GHz,4,5000,3816027462
57193.1672673,59584.03408361,2.3GHz,4,5500,4200296559
66395.5247575,69181.68672181999,2.3GHz,4,6000,4537904032
4.943243249999999,6.2812506899999985,2.3GHz,5,500,1511806677
4.8100463,6.249650040000005,2.3GHz,5,1000,1750351842
4.796075600000001,6.27266649,2.3GHz,5,1500,1866988812
4.866011849999993,6.350560589999999,2.3GHz,5,2000,1952526129
5.54143405,7.208545310000004,2.3GHz,5,2500,2050703307
10.81700315,14.822827060000002,2.3GHz,5,3000,2120511722
5432.23847745,5691.420744540002,2.3GHz,5,3500,2354546829
14182.848293999998,14810.43535939,2.3GHz,5,4000,2683406278
23269.092206949997,24254.965949539997,2.3GHz,5,4500,3026213200
31884.4705273,33258.06436531,2.3GHz,5,5000,3353407003
41285.4452668,43009.63508054,2.3GHz,5,5500,3706551058
50513.94118715,52634.040492,2.3GHz,5,6000,4056463065
5.102677450000001,6.348629129999996,2.3GHz,6,500,1533427044
5.042180449999998,6.3073783200000015,2.3GHz,6,1000,1776420318
5.0065049,6.32870576999999,2.3GHz,6,1500,1898372032
4.96805874999999,6.323061199999999,2.3GHz,6,2000,1970406821
5.100745549999999,6.486683520000003,2.3GHz,6,2500,2044950698
5.857045199999998,7.685712640000003,2.3GHz,6,3000,2137552328
14.91668545,21.410670450000016,2.3GHz,6,3500,2215410588
5814.0882953499995,6088.414474130001,2.3GHz,6,4000,2464100565
14506.1361228,15123.204644209998,2.3GHz,6,4500,2804559959
21355.162235599997,22291.292707970002,2.3GHz,6,5000,3077415828
30240.4285592,31495.879415410003,2.3GHz,6,5500,3418284950
38902.89216034999,40505.91602923,2.3GHz,6,6000,3761143203
5.225826649999999,6.411235349999998,2.3GHz,7,500,1581087994
5.205443249999999,6.4088001100000005,2.3GHz,7,1000,1790137568
5.148596450000001,6.3872689,2.3GHz,7,1500,1913016465
5.154410049999998,6.412927469999996,2.3GHz,7,2000,2000261298
5.215218299999997,6.509920650000001,2.3GHz,7,2500,2069565564
5.419124049999999,6.764914690000005,2.3GHz,7,3000,2147251461
6.582014049999997,8.757737130000006,2.3GHz,7,3500,2243920952
68.2202331,77.96453315000001,2.3GHz,7,4000,2306223710
7396.1969467,7721.860870980001,2.3GHz,7,4500,2606906107
14607.73026545,15250.983141859999,2.3GHz,7,5000,2902302202
21964.170184849998,22889.402406070003,2.3GHz,7,5500,3197659538
28911.096930499996,30118.8112848,2.3GHz,7,6000,3480914002
5.383062399999998,6.501355829999999,2.3GHz,8,500,1495970963
5.301886299999999,6.457877640000003,2.3GHz,8,1000,1776389190
5.278309750000002,6.464893789999997,2.3GHz,8,1500,1930602846
5.2773254499999975,6.470460909999998,2.3GHz,8,2000,2021377332
5.263648949999999,6.496854880000001,2.3GHz,8,2500,2093364453
5.383651649999999,6.648581590000001,2.3GHz,8,3000,2168130192
5.773594149999999,7.223464980000001,2.3GHz,8,3500,2252828339
8.569099999999999,11.775191900000001,2.3GHz,8,4000,2333494820
2299.15945085,2428.4053952500003,2.3GHz,8,4500,2463722208
8683.0380672,9072.69842955,2.3GHz,8,5000,2726749672
15275.315493349999,15906.472917969999,2.3GHz,8,5500,2995688620
22222.6172408,23136.72304226,2.3GHz,8,6000,3289899476
5.446877799999999,6.509638799999999,2.3GHz,9,500,1650040332
5.405912999999997,6.51436096,2.3GHz,9,1000,1819193463
5.3846725000000015,6.522127599999998,2.3GHz,9,1500,1950815013
5.356497999999999,6.50701067,2.3GHz,9,2000,2040580531
5.392522,6.5624,2.3GHz,9,2500,2126801257
5.454626999999996,6.65936906,2.3GHz,9,3000,2201245891
5.643777349999999,6.9672697900000005,2.3GHz,9,3500,2264452943
6.413812549999999,8.39484316,2.3GHz,9,4000,2352474752
25.187407099999987,32.17903505000001,2.3GHz,9,4500,2428212290
4235.96901965,4432.252591840001,2.3GHz,9,5000,2612459071
10681.87304165,11107.836251440001,2.3GHz,9,5500,2888583975
17351.05506275,18056.815645510003,2.3GHz,9,6000,3175621265
5.4952850999999985,6.5455717,2.3GHz,10,500,1595398687
5.46439985,6.556533830000003,2.3GHz,10,1000,1839618276
5.490523,6.57298798,2.3GHz,10,1500,1964838170
5.455036099999997,6.5636873799999975,2.3GHz,10,2000,2060757786
5.472265049999997,6.5951224,2.3GHz,10,2500,2151297105
5.507082999999996,6.686600600000001,2.3GHz,10,3000,2223621627
5.622446199999997,6.849876520000001,2.3GHz,10,3500,2297186013
6.026221949999999,7.83233519000001,2.3GHz,10,4000,2361565549
8.3746768,14.31838841,2.3GHz,10,4500,2431349245
1835.3319714499999,1932.72553083,2.3GHz,10,5000,2574937194
8441.026277899999,8779.81056646,2.3GHz,10,5500,2862965633
13170.298566099998,13701.646666480001,2.3GHz,10,6000,3066887107
5.5595141,6.579949419999996,2.3GHz,11,500,1658228910
5.526373249999998,6.574881460000001,2.3GHz,11,1000,1862971976
5.522809650000003,6.592886539999999,2.3GHz,11,1500,1984218614
5.549061049999999,6.640778909999998,2.3GHz,11,2000,2085360324
5.569469399999999,6.672671570000002,2.3GHz,11,2500,2174269336
5.623919699999998,6.770538480000001,2.3GHz,11,3000,2254814845
5.737313149999998,6.947139960000008,2.3GHz,11,3500,2328234336
6.01867705,7.72884845,2.3GHz,11,4000,2387618827
7.7793052,13.977247170000004,2.3GHz,11,4500,2450953076
1130.5180871,1207.79483922,2.3GHz,11,5000,-259564675235
6285.768044799999,6521.97450394,2.3GHz,11,5500,2801893279
12114.9844108,12599.89544429,2.3GHz,11,6000,3060726967
5.5582061,6.561817649999999,2.3GHz,12,500,1637612263
5.560555699999998,6.59819536,2.3GHz,12,1000,1850739952
5.600086700000002,6.651704079999997,2.3GHz,12,1500,1991073577
5.620194849999999,6.700314479999997,2.3GHz,12,2000,2094135020
5.648031850000001,6.766178240000005,2.3GHz,12,2500,2193278565
5.70714605,6.855078200000002,2.3GHz,12,3000,2273104593
5.811649949999998,7.023500100000003,2.3GHz,12,3500,2351862326
6.254197249999999,9.116901100000005,2.3GHz,12,4000,2421406094
10.266797849999998,19.99502262000006,2.3GHz,12,4500,2484316150
2455.790689,2556.213525,2.3GHz,12,5000,2632703343
8282.97191575,8619.30845494,2.3GHz,12,5500,2887733819
14904.81013725,15490.09451037,2.3GHz,12,6000,3189269911
4.200206449999998,5.998996129999987,2.5GHz,1,500,1399433063
31.270482999999988,42.465912319999994,2.5GHz,1,1000,1711941052
23277.7029805,24187.57413325,2.5GHz,1,1500,2476547554
50615.948399399975,52793.68804598999,2.5GHz,1,2000,3323640052
78460.8777156,81663.19908210999,2.5GHz,1,2500,4174573237
104797.02092349998,109242.80555805002,2.5GHz,1,3000,4984354671
135489.85703505,141234.57240332002,2.5GHz,1,3500,5934158576
163270.361391,170133.13041574002,2.5GHz,1,4000,6787701252
192256.89119899998,200302.78161792998,2.5GHz,1,4500,7679721795
219261.70607525,228551.96581833003,2.5GHz,1,5000,8519176189
243674.8844365,253905.09202111,2.5GHz,1,5500,9265195214
274378.60259024997,285939.64376878,2.5GHz,1,6000,10215729951
2.70361825,3.12518135,2.5GHz,2,500,1420858607
2.9888478499999986,3.927479760000003,2.5GHz,2,1000,1693238647
5.073066150000001,7.386625799999984,2.5GHz,2,1500,1908495603
128.1671178,151.30427896999998,2.5GHz,2,2000,2041235497
12815.342204749999,13297.691515070002,2.5GHz,2,2500,2497104081
27459.7942602,28622.084711,2.5GHz,2,3000,3019758505
42942.684292599995,44785.32414731,2.5GHz,2,3500,3574782169
57030.547471049984,59448.66772212001,2.5GHz,2,4000,4075912967
69032.34724645001,71919.70586646,2.5GHz,2,4500,4505130008
85671.1857112,89354.17297969,2.5GHz,2,5000,5105614432
97195.11469174999,101369.94328392,2.5GHz,2,5500,5518258945
116047.380562,120937.50123738,2.5GHz,2,6000,6188640895
3.793464799999999,5.917753269999997,2.5GHz,3,500,1564067712
3.630784099999999,5.822567680000003,2.5GHz,3,1000,1708711507
4.010099250000001,5.987112529999995,2.5GHz,3,1500,1857257636
5.597693349999998,7.796692459999998,2.5GHz,3,2000,2022309947
387.1868593499999,405.00285693000006,2.5GHz,3,2500,2138715472
12028.868327450002,12550.631981690001,2.5GHz,3,3000,2571142954
24018.346811299998,25064.63212398001,2.5GHz,3,3500,3018818017
35413.43054415,36927.132677530004,2.5GHz,3,4000,3442925146
47190.81761815,49181.935998149995,2.5GHz,3,4500,3882031505
58216.38726285,60692.583049320005,2.5GHz,3,5000,4293941278
70464.10517865,73415.34347671,2.5GHz,3,5500,4751666608
82237.82548079999,85693.5088764,2.5GHz,3,6000,5178445483
4.5613655,6.119419109999998,2.5GHz,4,500,1521649486
4.439875099999994,6.136121590000002,2.5GHz,4,1000,1733855364
4.3887277000000005,6.192454239999991,2.5GHz,4,1500,1853261491
4.68416545,6.369973829999998,2.5GHz,4,2000,1976002815
6.565263399999998,9.118576050000009,2.5GHz,4,2500,2119287238
2130.6384166,2228.86118015,2.5GHz,4,3000,2265283569
11234.240504599999,11740.28459673,2.5GHz,4,3500,2614233359
20645.220991349997,21541.644015690003,2.5GHz,4,4000,2978755192
30950.256074650002,32269.08650666,2.5GHz,4,4500,3371467748
41004.03833845,42767.86391742,2.5GHz,4,5000,3760640214
50430.312045399995,52545.14146698,2.5GHz,4,5500,4121213266
60881.3333588,63439.566843040004,2.5GHz,4,6000,4520556969
4.901749549999999,6.278768129999994,2.5GHz,5,500,1524109319
4.78600635,6.208818580000003,2.5GHz,5,1000,1753926235
4.76999455,6.24754214,2.5GHz,5,1500,1872173064
4.838895349999999,6.3510882199999985,2.5GHz,5,2000,1960832383
5.113744849999999,6.637682500000001,2.5GHz,5,2500,2079813829
7.440004549999994,10.66183553,2.5GHz,5,3000,2194726132
1952.1474807499999,2061.4270527300005,2.5GHz,5,3500,2323754916
10816.40761425,11300.79349225,2.5GHz,5,4000,2672850701
19025.69744485,19826.36153835,2.5GHz,5,4500,2996060995
28326.200216499998,29556.348817950002,2.5GHz,5,5000,3363671747
36450.88995235,37972.90875715,2.5GHz,5,5500,3683851897
44976.8092068,46853.070742230004,2.5GHz,5,6000,4021097861
5.0727267,6.347612159999998,2.5GHz,6,500,1573873961
5.040823899999999,6.347990570000002,2.5GHz,6,1000,1748036418
4.97334045,6.299001229999999,2.5GHz,6,1500,1892099709
4.9823365999999965,6.338021149999999,2.5GHz,6,2000,1983006825
5.034097,6.454923,2.5GHz,6,2500,2065317161
5.47252855,7.014943050000002,2.5GHz,6,3000,2190217721
8.321902699999999,11.562282640000008,2.5GHz,6,3500,2277552763
3441.9561522999998,3618.2335815000006,2.5GHz,6,4000,2456380064
10684.492783000002,11151.734561830002,2.5GHz,6,4500,2748034408
18626.8479198,19445.724417870002,2.5GHz,6,5000,-259059211685
25777.9476657,26846.6093724,2.5GHz,6,5500,3366891527
33984.6460552,35388.60022263,2.5GHz,6,6000,3700222522
5.201125149999999,6.3925256699999995,2.5GHz,7,500,1551063229
5.181092749999999,6.402367900000001,2.5GHz,7,1000,1777315519
5.1600177,6.399840829999997,2.5GHz,7,1500,1915578043
5.136609399999999,6.412342459999999,2.5GHz,7,2000,2006055168
5.125556949999999,6.43635457,2.5GHz,7,2500,2072837223
5.249790949999993,6.616391710000004,2.5GHz,7,3000,2153887370
5.8646471999999985,7.6441737300000066,2.5GHz,7,3500,2281640277
13.640414849999997,20.234456100000003,2.5GHz,7,4000,2366692245
4295.7638221,4493.921956189999,2.5GHz,7,4500,2562591096
11483.56164905,11997.50563944,2.5GHz,7,5000,2864346427
18515.71605645,19279.48490436,2.5GHz,7,5500,3154806865
25409.321672749997,26464.386864419997,2.5GHz,7,6000,3439496566
5.3803879,6.48687315,2.5GHz,8,500,1591080766
5.311715799999999,6.466577590000002,2.5GHz,8,1000,1823815338
5.30038985,6.490073859999999,2.5GHz,8,1500,1935816639
5.240540050000001,6.44649431,2.5GHz,8,2000,2019182697
5.234587399999999,6.473387710000003,2.5GHz,8,2500,2100104365
5.302079399999996,6.578726220000002,2.5GHz,8,3000,2170362486
5.562005949999997,6.9763532700000015,2.5GHz,8,3500,2270576768
6.488654449999999,8.53191346000001,2.5GHz,8,4000,2379672436
54.156939099999995,64.71763791,2.5GHz,8,4500,2451486461
6646.2063044999995,6959.100275440001,2.5GHz,8,5000,2743712397
12562.944181599998,13068.11696622,2.5GHz,8,5500,2990408177
19394.9385172,20191.722042340003,2.5GHz,8,6000,3293062370
5.424849349999999,6.496788279999998,2.5GHz,9,500,1623221369
5.443585899999998,6.5709610000000005,2.5GHz,9,1000,1826180078
5.384630200000002,6.52025934,2.5GHz,9,1500,1952778265
5.426580799999998,6.602326079999998,2.5GHz,9,2000,2052257686
5.3600745499999976,6.550481220000009,2.5GHz,9,2500,2136688012
5.410246099999999,6.626366480000001,2.5GHz,9,3000,2204736665
5.552247699999999,6.822507880000001,2.5GHz,9,3500,2283128188
5.890480149999996,7.472976170000001,2.5GHz,9,4000,2379311597
9.19414625,13.525217930000002,2.5GHz,9,4500,2482499810
2932.401415,3079.331739,2.5GHz,9,5000,2656813206
7970.967484699999,8301.62171277,2.5GHz,9,5500,2875383447
14328.501599099998,14911.672805100001,2.5GHz,9,6000,3158079684
5.4885131,6.54486644,2.5GHz,10,500,1647069453
5.476215199999998,6.549353720000001,2.5GHz,10,1000,1858337527
5.443205100000001,6.549792999999998,2.5GHz,10,1500,1970561362
5.461708699999993,6.57059326,2.5GHz,10,2000,2067225299
5.4594655,6.596529860000004,2.5GHz,10,2500,2161416159
5.495053,6.669639,2.5GHz,10,3000,2229210480
5.60751145,6.834633920000003,2.5GHz,10,3500,2302714075
5.9369998,7.612087260000021,2.5GHz,10,4000,2382522038
6.946571949999999,10.792650810000042,2.5GHz,10,4500,2474188552
28.402306,35.80710452000002,2.5GHz,10,5000,2563329680
6105.534976599998,6346.41173617,2.5GHz,10,5500,2859048406
11754.974974699999,12234.669921470002,2.5GHz,10,6000,3122882569
5.550181199999999,6.5661505899999995,2.5GHz,11,500,1603742599
5.520379249999997,6.57009911,2.5GHz,11,1000,1865479844
5.5096694500000005,6.582650749999997,2.5GHz,11,1500,1980259396
5.5502603,6.638581639999999,2.5GHz,11,2000,2083844458
5.546067699999998,6.650656440000002,2.5GHz,11,2500,2177333416
5.616295799999995,6.76667762,2.5GHz,11,3000,2258306963
5.723934049999999,6.94276728,2.5GHz,11,3500,2340536000
5.912754999999997,7.45931913,2.5GHz,11,4000,2403415051
7.20897775,12.145315920000023,2.5GHz,11,4500,2479656616
27.28349985,36.733466500000006,2.5GHz,11,5000,2583757546
4202.811696950001,4342.17049475,2.5GHz,11,5500,2808703869
10760.87393,11203.549345,2.5GHz,11,6000,3113434168
5.5603547,6.575876669999998,2.5GHz,12,500,1664072461
5.587229749999999,6.61673624,2.5GHz,12,1000,1853655411
5.588084900000001,6.63145159,2.5GHz,12,1500,1989055821
5.60174415,6.674563599999998,2.5GHz,12,2000,2099930232
5.631679749999999,6.731635080000003,2.5GHz,12,2500,2193902770
5.687368499999999,6.828620110000005,2.5GHz,12,3000,2282021319
5.811525,7.07113,2.5GHz,12,3500,2358061407
6.164871999999998,8.697743240000005,2.5GHz,12,4000,2428091318
9.0142312,16.09499593,2.5GHz,12,4500,2501394597
1960.4548255,2053.0847288899995,2.5GHz,12,5000,2653686017
6745.37934075,7041.28962115,2.5GHz,12,5500,2883535648
12875.367674699999,13425.415938709999,2.5GHz,12,6000,3150633841
