  Key Length |   QueueTimes | ServiceTimes | SojournTimes

       6.000 |    43356.870 |        0.717 |    43357.587
       8.000 |    43353.753 |        1.988 |    43355.741
       8.000 |    43353.805 |        1.824 |    43355.629
       8.000 |    43354.399 |        1.234 |    43355.633
       6.000 |    43353.317 |        1.156 |    43354.473
       7.000 |    43355.295 |        0.926 |    43356.222
      11.000 |    43353.126 |        0.768 |    43353.894
       7.000 |    43352.603 |        0.693 |    43353.296
      10.000 |    43356.601 |        0.486 |    43357.087
       4.000 |    43350.592 |        0.830 |    43351.422
      10.000 |    43350.602 |        1.294 |    43351.896
      10.000 |    43348.966 |        0.603 |    43349.568
      10.000 |    43348.661 |        0.947 |    43349.608
      11.000 |    43382.038 |        2.073 |    43384.112
       6.000 |    43348.533 |        1.386 |    43349.919
       5.000 |    43349.121 |        1.735 |    43350.855
      10.000 |    43345.756 |        2.845 |    43348.601
       6.000 |    43346.719 |        1.396 |    43348.115
      12.000 |    43349.086 |        2.543 |    43351.629
      12.000 |    43349.509 |        1.856 |    43351.365
       6.000 |    43347.394 |        0.660 |    43348.054
      10.000 |    43346.977 |        0.800 |    43347.778
      13.000 |    43345.932 |        0.569 |    43346.501
       4.000 |    43344.276 |        1.821 |    43346.097
       6.000 |    43344.827 |        0.502 |    43345.329
      12.000 |    43344.439 |        1.641 |    43346.079
       9.000 |    43343.498 |        1.687 |    43345.186
       7.000 |    43343.452 |        0.921 |    43344.373
       6.000 |    43343.090 |        0.972 |    43344.062
      11.000 |    43343.264 |        0.715 |    43343.979
       6.000 |    43341.046 |        1.747 |    43342.792
       9.000 |    43340.577 |        1.668 |    43342.245
       8.000 |    43355.269 |        1.346 |    43356.615
      10.000 |    43351.668 |        0.761 |    43352.429
       6.000 |    43359.399 |        0.379 |    43359.778
      10.000 |    43347.668 |        0.780 |    43348.449
       8.000 |    43347.094 |        2.238 |    43349.332
       8.000 |    43346.768 |        4.361 |    43351.129
      14.000 |    43345.830 |        0.558 |    43346.388
      10.000 |    43346.666 |        1.074 |    43347.740
      12.000 |    43346.614 |        1.393 |    43348.008
       7.000 |    43350.383 |        0.490 |    43350.872
       7.000 |    43346.862 |        1.128 |    43347.990
       7.000 |    43346.184 |        0.803 |    43346.987
       6.000 |    43346.738 |        1.906 |    43348.644
      12.000 |    43345.259 |        0.946 |    43346.205
      14.000 |    43344.462 |        1.104 |    43345.566
       8.000 |    43345.017 |        2.306 |    43347.323
      10.000 |    43341.791 |        0.793 |    43342.584
       4.000 |    43351.669 |        2.049 |    43353.718
       5.000 |    43350.433 |        0.453 |    43350.887
       7.000 |    43341.772 |        0.609 |    43342.381
       8.000 |    43342.782 |        2.512 |    43345.294
       6.000 |    43348.114 |        0.733 |    43348.848
       8.000 |    43341.550 |        2.265 |    43343.815
       8.000 |    43342.448 |        1.059 |    43343.507
       7.000 |    43341.259 |        0.774 |    43342.033
       6.000 |    43343.365 |        2.619 |    43345.983
      10.000 |    43340.706 |        1.343 |    43342.049
      10.000 |    43337.999 |        0.651 |    43338.650
       9.000 |    43339.986 |        1.110 |    43341.095
      10.000 |    43337.834 |        0.738 |    43338.572
      12.000 |    43339.604 |        1.777 |    43341.380
      10.000 |    43338.636 |        0.749 |    43339.385
       7.000 |    43360.447 |        4.022 |    43364.468
       6.000 |    43355.228 |        1.413 |    43356.640
      10.000 |    43351.920 |        0.592 |    43352.512
       4.000 |    43353.687 |        0.701 |    43354.388
      12.000 |    43350.949 |        0.472 |    43351.421
      15.000 |    43351.904 |        1.039 |    43352.943
       9.000 |    43359.628 |        3.445 |    43363.073
       7.000 |    43349.910 |        0.802 |    43350.712
      11.000 |    43349.250 |        0.784 |    43350.034
       9.000 |    43348.887 |        0.664 |    43349.550
       7.000 |    43352.665 |        2.509 |    43355.174
      10.000 |    43348.039 |        0.509 |    43348.548
      12.000 |    43358.551 |        1.151 |    43359.702
       7.000 |    43350.201 |        1.599 |    43351.800
       5.000 |    43358.694 |        3.715 |    43362.409
       8.000 |    43362.879 |        2.936 |    43365.815
      12.000 |    43361.164 |        2.127 |    43363.291
       8.000 |    43362.035 |        0.815 |    43362.850
       9.000 |    43362.143 |        0.444 |    43362.587
       8.000 |    43362.480 |        2.336 |    43364.815
       7.000 |    43362.663 |        1.280 |    43363.943
       9.000 |    43360.134 |        0.647 |    43360.781
      11.000 |    43360.910 |        4.231 |    43365.141
       8.000 |    43368.467 |        1.509 |    43369.976
       9.000 |    43367.250 |        0.751 |    43368.001
      11.000 |    43365.676 |        2.480 |    43368.156
       8.000 |    43367.075 |        0.736 |    43367.811
       7.000 |    43366.678 |        1.126 |    43367.804
       4.000 |    43376.456 |        1.395 |    43377.851
       9.000 |    43368.248 |        0.708 |    43368.955
       9.000 |    43360.320 |        1.600 |    43361.920
      10.000 |    43361.043 |        0.736 |    43361.779
       7.000 |    43360.325 |        3.072 |    43363.396
      12.000 |    43360.613 |        1.015 |    43361.628
       9.000 |    43359.564 |        0.857 |    43360.421
       6.000 |    43359.075 |        0.653 |    43359.728
       8.000 |    43358.108 |        1.777 |    43359.884
      12.000 |    43367.693 |        0.560 |    43368.253
       5.000 |    43393.857 |        0.652 |    43394.509
       5.000 |    43379.303 |        0.781 |    43380.084
       5.000 |    43379.873 |        0.767 |    43380.640
       9.000 |    43378.331 |        0.911 |    43379.242
      12.000 |    43380.073 |        0.936 |    43381.009
      14.000 |    43416.728 |        1.890 |    43418.618
       7.000 |    43417.217 |        1.113 |    43418.331
       8.000 |    43417.387 |        0.713 |    43418.099
      12.000 |    43415.701 |        1.357 |    43417.058
      11.000 |    43415.421 |        2.424 |    43417.845
       9.000 |    43426.273 |        1.491 |    43427.764
      12.000 |    43412.994 |        1.029 |    43414.023
      16.000 |    43413.059 |        0.728 |    43413.788
      11.000 |    43412.183 |        1.347 |    43413.530
       6.000 |    43419.007 |        0.753 |    43419.759
      13.000 |    43415.746 |        1.139 |    43416.885
      10.000 |    43413.530 |        2.628 |    43416.158
      10.000 |    43431.883 |        0.802 |    43432.684
       5.000 |    43429.403 |        3.875 |    43433.278
       7.000 |    43428.044 |        0.431 |    43428.475
       8.000 |    43427.544 |        4.522 |    43432.066
       6.000 |    43432.829 |        1.000 |    43433.829
      12.000 |    43428.604 |        0.643 |    43429.247
       6.000 |    43425.134 |        0.701 |    43425.835
      14.000 |    43424.460 |        3.791 |    43428.250
       8.000 |    43424.020 |        1.995 |    43426.014
       7.000 |    43423.895 |        0.821 |    43424.716
       5.000 |    43422.040 |        1.471 |    43423.511
      11.000 |    43421.997 |        0.858 |    43422.855
      10.000 |    43420.794 |        2.136 |    43422.930
       9.000 |    43420.671 |        1.151 |    43421.822
       8.000 |    43420.250 |        0.815 |    43421.065
       6.000 |    43445.931 |        3.035 |    43448.965
       6.000 |    43444.655 |        2.123 |    43446.778
       8.000 |    43452.508 |        2.611 |    43455.119
      10.000 |    43444.852 |        2.210 |    43447.061
       8.000 |    43443.629 |        0.510 |    43444.138
       8.000 |    43444.579 |        1.851 |    43446.431
      11.000 |    43442.455 |        1.573 |    43444.028
       7.000 |    43452.337 |        0.822 |    43453.159
       7.000 |    43440.032 |        2.854 |    43442.886
       6.000 |    43439.252 |        2.672 |    43441.924
      10.000 |    43439.760 |        1.871 |    43441.631
       7.000 |    43478.516 |        1.044 |    43479.561
       9.000 |    43451.217 |        0.771 |    43451.988
      12.000 |    43449.968 |        0.904 |    43450.872
      13.000 |    43447.833 |        4.332 |    43452.164
       8.000 |    43451.465 |        0.644 |    43452.108
       6.000 |    43458.777 |        1.066 |    43459.843
       8.000 |    43449.405 |        1.004 |    43450.409
       7.000 |    43451.760 |        0.615 |    43452.375
      13.000 |    43469.496 |        0.889 |    43470.385
       3.000 |    43467.628 |        3.398 |    43471.027
       5.000 |    43467.813 |        1.974 |    43469.787
       9.000 |    43464.580 |        1.384 |    43465.964
       7.000 |    43470.338 |        1.788 |    43472.126
       6.000 |    43471.254 |        0.722 |    43471.976
       5.000 |    43463.885 |        1.551 |    43465.436
      10.000 |    43461.494 |        1.049 |    43462.544
       5.000 |    43461.155 |        1.307 |    43462.462
       7.000 |    43460.950 |        0.789 |    43461.738
      10.000 |    43459.992 |        0.687 |    43460.679
       6.000 |    43458.699 |        2.301 |    43461.000
       6.000 |    43457.709 |        1.484 |    43459.193
       4.000 |    43458.147 |        0.924 |    43459.071
      12.000 |    43458.120 |        0.490 |    43458.610
       6.000 |    43477.557 |        0.891 |    43478.448
       7.000 |    43482.267 |        2.516 |    43484.782
       9.000 |    43491.977 |        0.542 |    43492.519
      10.000 |    43483.651 |        0.673 |    43484.325
       8.000 |    43482.924 |        1.805 |    43484.729
       4.000 |    43482.806 |        1.331 |    43484.137
      12.000 |    43482.658 |        0.886 |    43483.544
       8.000 |    43491.317 |        0.938 |    43492.255
       9.000 |    43482.056 |        1.258 |    43483.314
       7.000 |    43481.812 |        0.856 |    43482.669
      12.000 |    43481.781 |        0.824 |    43482.605
       5.000 |    43481.726 |        0.587 |    43482.314
      10.000 |    43479.344 |        1.201 |    43480.545
       4.000 |    43484.688 |        0.961 |    43485.648
      13.000 |    43484.341 |        2.219 |    43486.559
      10.000 |    43485.499 |        0.790 |    43486.288
       9.000 |    43478.973 |        2.662 |    43481.634
      13.000 |    43478.625 |        0.614 |    43479.239
       9.000 |    43479.459 |        1.346 |    43480.805
       9.000 |    43478.308 |        3.154 |    43481.461
      13.000 |    43476.941 |        1.078 |    43478.019
       9.000 |    43483.745 |        1.288 |    43485.033
       6.000 |    43478.453 |        1.055 |    43479.507
       5.000 |    43482.327 |        0.768 |    43483.095
      10.000 |    43480.788 |        0.658 |    43481.446
       4.000 |    43480.151 |        1.146 |    43481.297
      11.000 |    43478.817 |        2.526 |    43481.343
      16.000 |    43479.342 |        0.857 |    43480.199
      17.000 |    43503.474 |        1.117 |    43504.591
       8.000 |    43496.677 |        4.912 |    43501.589
      10.000 |    43498.381 |        1.606 |    43499.986
       8.000 |    43497.131 |        2.361 |    43499.491
      10.000 |    43498.537 |        0.628 |    43499.165
      11.000 |    43503.962 |        0.553 |    43504.515
      11.000 |    43500.584 |        0.446 |    43501.030
       8.000 |    43497.075 |        3.215 |    43500.290
      13.000 |    43514.824 |        1.243 |    43516.067
      11.000 |    43513.451 |        2.825 |    43516.276
       3.000 |    43514.679 |        1.300 |    43515.978
      12.000 |    43513.109 |        2.021 |    43515.130
      12.000 |    43520.059 |        1.203 |    43521.262
       8.000 |    43515.989 |        1.573 |    43517.561
       7.000 |    43514.404 |        0.833 |    43515.237
      12.000 |    43511.795 |        2.062 |    43513.858
      10.000 |    43512.026 |        1.515 |    43513.541
       7.000 |    43512.143 |        1.261 |    43513.404
      16.000 |    43511.490 |        1.092 |    43512.582
      12.000 |    43510.953 |        0.602 |    43511.555
       9.000 |    43510.818 |        0.558 |    43511.375
       6.000 |    43508.419 |        3.170 |    43511.589
       8.000 |    43513.990 |        1.544 |    43515.534
       9.000 |    43508.742 |        1.036 |    43509.778
       7.000 |    43509.015 |        0.741 |    43509.756
      14.000 |    43508.436 |        2.871 |    43511.307
       7.000 |    43515.209 |        3.791 |    43518.999
       6.000 |    43515.514 |        1.202 |    43516.717
       8.000 |    43498.978 |        0.515 |    43499.494
       9.000 |    43505.012 |        1.879 |    43506.892
       5.000 |    43501.516 |        1.485 |    43503.001
      12.000 |    43498.639 |        0.792 |    43499.431
      12.000 |    43505.119 |        3.774 |    43508.894
      12.000 |    43507.141 |        0.603 |    43507.744
       5.000 |    43500.227 |        1.762 |    43501.989
       7.000 |    43499.025 |        1.131 |    43500.157
       7.000 |    43504.222 |        0.896 |    43505.117
      10.000 |    43499.605 |        1.458 |    43501.063
       7.000 |    43507.650 |        1.263 |    43508.914
       7.000 |    43497.202 |        1.768 |    43498.971
       5.000 |    43497.956 |        2.088 |    43500.044
       7.000 |    43505.492 |        3.728 |    43509.220
      10.000 |    43493.393 |        0.813 |    43494.205
      10.000 |    43494.365 |        1.355 |    43495.720
       9.000 |    43496.146 |        0.842 |    43496.988
       6.000 |    43499.536 |        3.541 |    43503.077
       6.000 |    43506.530 |        1.743 |    43508.273
       8.000 |    43505.258 |        0.744 |    43506.001
       6.000 |    43505.414 |        1.630 |    43507.044
       9.000 |    43502.885 |        0.349 |    43503.234
       7.000 |    43505.699 |        0.710 |    43506.409
       9.000 |    43503.208 |        0.937 |    43504.145
       7.000 |    43498.623 |        0.695 |    43499.318
      11.000 |    43498.105 |        0.613 |    43498.717
       7.000 |    43506.438 |        1.057 |    43507.495
       4.000 |    43506.949 |        4.200 |    43511.150
      10.000 |    43497.456 |        1.718 |    43499.174
      11.000 |    43510.137 |        0.648 |    43510.785
      12.000 |    43501.097 |        4.581 |    43505.679
      11.000 |    43504.809 |        2.089 |    43506.898
       5.000 |    43498.971 |        0.356 |    43499.326
      10.000 |    43496.209 |        1.548 |    43497.757
       9.000 |    43495.393 |        4.357 |    43499.750
       9.000 |    43494.475 |        4.736 |    43499.211
      10.000 |    43496.119 |        1.813 |    43497.932
       6.000 |    43493.199 |        0.582 |    43493.781
      13.000 |    43493.031 |        2.771 |    43495.802
       9.000 |    43495.848 |        1.505 |    43497.353
       9.000 |    43495.616 |        1.303 |    43496.919
      11.000 |    43492.416 |        3.880 |    43496.296
       5.000 |    43493.445 |        0.635 |    43494.080
      10.000 |    43508.975 |        1.519 |    43510.494
       8.000 |    43493.949 |        1.025 |    43494.973
      10.000 |    43493.675 |        1.080 |    43494.756
       7.000 |    43492.061 |        1.034 |    43493.095
      16.000 |    43496.909 |        1.125 |    43498.034
       5.000 |    43495.349 |        0.678 |    43496.027
       7.000 |    43489.803 |        0.855 |    43490.659
       5.000 |    43489.400 |        0.945 |    43490.345
       7.000 |    43486.600 |        0.679 |    43487.279
       7.000 |    43485.374 |        0.769 |    43486.143
      12.000 |    43484.952 |        0.866 |    43485.819
      11.000 |    43495.112 |        0.481 |    43495.593
      10.000 |    43484.731 |        0.440 |    43485.170
      10.000 |    43676.571 |        4.116 |    43680.687
       8.000 |    43746.478 |        0.831 |    43747.309
       7.000 |    43743.116 |        2.553 |    43745.669
      11.000 |    43737.544 |        1.898 |    43739.443
       5.000 |    43738.263 |        1.160 |    43739.423
      13.000 |    43736.758 |        1.990 |    43738.748
       4.000 |    43735.085 |        1.744 |    43736.829
       7.000 |    43754.112 |        0.933 |    43755.045
      12.000 |    43752.993 |        2.215 |    43755.208
       6.000 |    43752.562 |        0.763 |    43753.324
      15.000 |    43752.059 |        2.078 |    43754.137
       7.000 |    43751.730 |        0.669 |    43752.399
       7.000 |    43749.812 |        0.640 |    43750.452
       6.000 |    43749.535 |        0.607 |    43750.142
       8.000 |    43749.397 |        1.134 |    43750.532
      15.000 |    43757.094 |        0.690 |    43757.784
       6.000 |    43758.700 |        3.373 |    43762.073
       6.000 |    43789.275 |        0.481 |    43789.756
      12.000 |    43789.417 |        0.834 |    43790.252
       8.000 |    43787.113 |        0.638 |    43787.751
      13.000 |    43786.635 |        2.328 |    43788.963
       9.000 |    43786.191 |        1.527 |    43787.719
      13.000 |    43799.505 |        1.698 |    43801.203
      19.000 |    43784.693 |        0.495 |    43785.189
      13.000 |    43790.265 |        0.667 |    43790.932
       6.000 |    43783.882 |        3.936 |    43787.818
       8.000 |    43790.559 |        1.391 |    43791.950
       9.000 |    43783.797 |        1.294 |    43785.091
       8.000 |    43783.100 |        0.656 |    43783.756
       8.000 |    43782.597 |        0.950 |    43783.548
      12.000 |    43782.686 |        0.712 |    43783.398
      15.000 |    43783.248 |        0.725 |    43783.973
       6.000 |    43781.296 |        0.351 |    43781.647
       7.000 |    43786.633 |        1.180 |    43787.812
       6.000 |    43792.063 |        0.731 |    43792.793
       7.000 |    43786.637 |        0.395 |    43787.031
       8.000 |    43783.978 |        2.594 |    43786.572
      10.000 |    43783.681 |        0.720 |    43784.401
       9.000 |    43783.365 |        0.638 |    43784.003
       3.000 |    43783.066 |        1.043 |    43784.109
      11.000 |    43785.297 |        1.910 |    43787.207
       8.000 |    43783.195 |        0.662 |    43783.857
      10.000 |    43783.480 |        0.842 |    43784.322
       6.000 |    43783.559 |        0.248 |    43783.807
       8.000 |    43788.103 |        0.824 |    43788.927
      12.000 |    43784.965 |        0.647 |    43785.611
       8.000 |    43793.621 |        1.022 |    43794.643
       9.000 |    43792.511 |        0.674 |    43793.185
       9.000 |    43792.483 |        0.615 |    43793.098
      10.000 |    43792.496 |        1.354 |    43793.850
       6.000 |    43794.391 |        0.489 |    43794.880
      12.000 |    43792.139 |        1.458 |    43793.597
       9.000 |    43791.617 |        1.034 |    43792.651
       9.000 |    43788.829 |        1.521 |    43790.350
       4.000 |    43782.444 |        0.699 |    43783.143
       8.000 |    43787.400 |        1.583 |    43788.982
       8.000 |    43781.838 |        0.407 |    43782.245
       6.000 |    43779.768 |        0.588 |    43780.356
       6.000 |    43798.853 |        1.822 |    43800.675
       9.000 |    43800.819 |        2.013 |    43802.832
       5.000 |    43786.905 |        1.005 |    43787.910
       5.000 |    43812.481 |        2.230 |    43814.711
       6.000 |    43813.259 |        1.510 |    43814.768
      11.000 |    43812.536 |        1.966 |    43814.502
      11.000 |    43806.475 |        0.677 |    43807.153
      10.000 |    43808.098 |        0.655 |    43808.752
       9.000 |    43804.178 |        0.858 |    43805.036
      10.000 |    43806.946 |        0.540 |    43807.486
       6.000 |    43814.802 |        2.992 |    43817.794
      11.000 |    43803.365 |        0.550 |    43803.915
       6.000 |    43803.996 |        0.499 |    43804.494
      12.000 |    43802.899 |        0.789 |    43803.687
       5.000 |    43806.104 |        1.384 |    43807.488
       9.000 |    43805.312 |        3.105 |    43808.417
      14.000 |    43801.883 |        1.063 |    43802.946
      15.000 |    43800.533 |        0.806 |    43801.339
       7.000 |    43823.593 |        2.645 |    43826.238
      12.000 |    43802.526 |        1.703 |    43804.229
       5.000 |    43810.588 |        2.715 |    43813.303
      10.000 |    43798.299 |        0.731 |    43799.031
      11.000 |    43800.363 |        1.666 |    43802.029
       7.000 |    43804.671 |        2.486 |    43807.157
      11.000 |    43797.012 |        1.118 |    43798.130
      12.000 |    43801.852 |        1.821 |    43803.673
       7.000 |    43798.691 |        1.803 |    43800.494
      12.000 |    43801.669 |        0.687 |    43802.356
       7.000 |    43799.143 |        2.109 |    43801.252
       8.000 |    43796.160 |        0.865 |    43797.025
       9.000 |    43795.840 |        1.008 |    43796.848
      14.000 |    43796.420 |        0.855 |    43797.275
       7.000 |    43795.627 |        1.080 |    43796.707
       6.000 |    43823.010 |        0.779 |    43823.790
       7.000 |    43827.083 |        3.994 |    43831.078
       8.000 |    43819.558 |        1.434 |    43820.993
       7.000 |    43818.934 |        0.977 |    43819.911
       4.000 |    43823.367 |        2.510 |    43825.877
       8.000 |    43818.569 |        0.937 |    43819.506
      10.000 |    43816.431 |        0.683 |    43817.115
       7.000 |    43822.347 |        3.380 |    43825.727
       5.000 |    43818.462 |        1.757 |    43820.219
       7.000 |    43824.728 |        0.503 |    43825.231
      10.000 |    43819.427 |        2.070 |    43821.497
       7.000 |    43832.632 |        3.615 |    43836.246
      12.000 |    43815.461 |        1.009 |    43816.470
      11.000 |    43817.159 |        1.473 |    43818.632
       7.000 |    43812.340 |        0.739 |    43813.080
       9.000 |    43813.644 |        1.264 |    43814.908
       9.000 |    43812.175 |        0.553 |    43812.729
       7.000 |    43812.956 |        0.748 |    43813.705
       9.000 |    43849.245 |        0.643 |    43849.888
      12.000 |    43842.851 |        0.879 |    43843.729
      10.000 |    43842.543 |        1.222 |    43843.765
      15.000 |    43842.145 |        0.810 |    43842.954
      10.000 |    43843.422 |        1.173 |    43844.596
      13.000 |    43841.851 |        1.258 |    43843.109
       5.000 |    43840.294 |        2.051 |    43842.345
      12.000 |    43840.216 |        1.376 |    43841.592
      12.000 |    43839.536 |        2.498 |    43842.034
       6.000 |    43839.914 |        0.691 |    43840.605
       7.000 |    43839.595 |        0.942 |    43840.537
       8.000 |    43836.444 |        4.295 |    43840.739
       9.000 |    43847.575 |        2.650 |    43850.225
       7.000 |    43837.204 |        0.786 |    43837.991
       7.000 |    43851.175 |        1.646 |    43852.821
       5.000 |    43835.644 |        0.683 |    43836.328
       4.000 |    43835.682 |        2.256 |    43837.938
       9.000 |    43842.491 |        1.709 |    43844.199
       9.000 |    43835.627 |        3.096 |    43838.723
       7.000 |    43836.152 |        1.118 |    43837.271
       7.000 |    43835.637 |        2.192 |    43837.829
      12.000 |    43834.878 |        2.092 |    43836.970
       8.000 |    43834.127 |        2.032 |    43836.158
      10.000 |    43833.891 |        0.471 |    43834.362
       7.000 |    43837.242 |        0.409 |    43837.652
       8.000 |    43833.112 |        1.076 |    43834.188
      17.000 |    43832.759 |        3.325 |    43836.084
      11.000 |    43842.607 |        2.152 |    43844.759
       8.000 |    43838.867 |        1.487 |    43840.354
       7.000 |    43839.168 |        1.015 |    43840.183
      12.000 |    43838.508 |        1.633 |    43840.141
       6.000 |    43839.201 |        0.945 |    43840.146
      11.000 |    43844.759 |        0.451 |    43845.210
       7.000 |    43836.479 |        2.277 |    43838.756
       6.000 |    43837.000 |        0.714 |    43837.714
       7.000 |    43833.199 |        0.372 |    43833.571
      12.000 |    43834.291 |        1.106 |    43835.397
      11.000 |    43832.059 |        0.857 |    43832.917
       6.000 |    43833.550 |        2.102 |    43835.652
       4.000 |    43830.130 |        1.548 |    43831.678
      11.000 |    43841.085 |        0.512 |    43841.597
       5.000 |    43840.425 |        2.340 |    43842.765
      16.000 |    43838.895 |        0.977 |    43839.871
      11.000 |    43833.083 |        0.666 |    43833.749
       9.000 |    43830.089 |        0.835 |    43830.924
       6.000 |    43829.764 |        3.350 |    43833.114
      12.000 |    43831.823 |        0.749 |    43832.572
       5.000 |    43836.168 |        3.692 |    43839.860
       6.000 |    44069.518 |        0.993 |    44070.512
      12.000 |    44067.880 |        2.175 |    44070.055
       4.000 |    44068.165 |        1.211 |    44069.375
      11.000 |    44101.309 |        0.777 |    44102.086
       6.000 |    44103.502 |        1.016 |    44104.518
      12.000 |    44148.574 |        1.406 |    44149.980
      10.000 |    44148.364 |        0.810 |    44149.173
      11.000 |    44148.124 |        0.836 |    44148.960
       6.000 |    44147.785 |        0.796 |    44148.581
       9.000 |    44152.503 |        1.281 |    44153.784
       7.000 |    44151.994 |        1.423 |    44153.417
      10.000 |    44152.822 |        0.531 |    44153.353
       8.000 |    44156.980 |        2.572 |    44159.552
      10.000 |    44151.602 |        1.402 |    44153.004
      13.000 |    44150.164 |        2.409 |    44152.573
      14.000 |    44149.518 |        2.354 |    44151.872
       7.000 |    44149.162 |        0.719 |    44149.880
       8.000 |    44152.543 |        0.652 |    44153.195
       7.000 |    44151.388 |        0.709 |    44152.097
       8.000 |    44150.844 |        3.386 |    44154.230
      12.000 |    44151.131 |        0.800 |    44151.931
      15.000 |    44159.570 |        0.766 |    44160.336
       8.000 |    44152.117 |        3.284 |    44155.401
       9.000 |    44153.001 |        1.360 |    44154.361
       6.000 |    44174.474 |        1.194 |    44175.669
      14.000 |    44178.420 |        1.217 |    44179.637
       8.000 |    44172.640 |        3.868 |    44176.508
       8.000 |    44173.628 |        0.702 |    44174.329
      11.000 |    44172.160 |        2.337 |    44174.497
       8.000 |    44192.316 |        0.476 |    44192.792
       4.000 |    44173.314 |        0.950 |    44174.264
       8.000 |    44172.643 |        0.700 |    44173.343
      15.000 |    44171.485 |        1.391 |    44172.876
      11.000 |    44176.882 |        0.762 |    44177.643
      10.000 |    44169.964 |        2.524 |    44172.487
       9.000 |    44283.321 |        2.799 |    44286.120
       8.000 |    44283.019 |        0.760 |    44283.780
      13.000 |    44282.053 |        2.170 |    44284.223
       9.000 |    44283.150 |        0.543 |    44283.693
      11.000 |    44282.313 |        0.746 |    44283.059
       8.000 |    44299.512 |        0.579 |    44300.091
       9.000 |    44290.576 |        0.512 |    44291.088
      12.000 |    44289.876 |        0.746 |    44290.623
       9.000 |    44295.025 |        0.542 |    44295.567
      11.000 |    44288.424 |        1.377 |    44289.802
       9.000 |    44288.896 |        0.556 |    44289.452
       6.000 |    44285.363 |        0.483 |    44285.846
       6.000 |    44291.784 |        0.977 |    44292.762
      12.000 |    46486.729 |        2.860 |    46489.589
       9.000 |    46485.972 |        0.605 |    46486.576
      10.000 |    46490.941 |        0.997 |    46491.939
       5.000 |    46489.519 |        1.418 |    46490.937
       9.000 |    46489.214 |        1.085 |    46490.299
       9.000 |    46489.495 |        0.687 |    46490.182
       9.000 |    46490.427 |        3.978 |    46494.405
       9.000 |    46488.581 |        0.717 |    46489.298
      11.000 |    46488.520 |        0.408 |    46488.928
      13.000 |    46500.969 |        1.327 |    46502.295
       7.000 |    46487.354 |        1.596 |    46488.950
       6.000 |    46534.942 |        3.438 |    46538.379
       8.000 |    46535.067 |        1.741 |    46536.808
       7.000 |    46540.616 |        1.928 |    46542.544
      15.000 |    46538.635 |        1.401 |    46540.036
       9.000 |    46539.210 |        0.510 |    46539.720
       8.000 |    46544.321 |        3.516 |    46547.837
       5.000 |    46544.061 |        3.507 |    46547.569
       9.000 |    46545.624 |        0.733 |    46546.358
       9.000 |    46544.412 |        2.016 |    46546.428
       7.000 |    46557.808 |        4.021 |    46561.830
       4.000 |    46541.632 |        4.122 |    46545.754
       8.000 |    46549.336 |        0.624 |    46549.961
      20.000 |    46540.724 |        4.461 |    46545.185
      17.000 |    47942.584 |        0.400 |    47942.984
       6.000 |    47935.609 |        2.429 |    47938.039
      11.000 |    47935.159 |        1.418 |    47936.577
       6.000 |    47935.162 |        0.685 |    47935.847
       7.000 |    47934.036 |        0.933 |    47934.969
       6.000 |    47930.904 |        1.390 |    47932.294
      12.000 |    47932.194 |        2.508 |    47934.703
      11.000 |    47930.697 |        0.991 |    47931.688
      12.000 |    47930.966 |        0.716 |    47931.681
       8.000 |    53962.871 |        1.588 |    53964.460
      10.000 |    53955.801 |        0.514 |    53956.315
       8.000 |    53954.750 |        1.100 |    53955.849
      10.000 |    59077.029 |        0.904 |    59077.932
       6.000 |    59076.737 |        1.223 |    59077.960
      10.000 |    59075.946 |        0.639 |    59076.585
      10.000 |    59074.753 |        2.241 |    59076.994
      11.000 |    59075.465 |        1.138 |    59076.603
       9.000 |    59074.804 |        1.384 |    59076.188
       9.000 |    59074.970 |        0.818 |    59075.788
       5.000 |    59074.562 |        0.440 |    59075.001
       7.000 |    59074.042 |        0.399 |    59074.441
      10.000 |    59809.978 |        0.958 |    59810.936
       8.000 |    59803.891 |        1.596 |    59805.487
      11.000 |    59802.674 |        2.577 |    59805.251
      11.000 |    59801.276 |        0.838 |    59802.114
       9.000 |   125443.690 |        2.303 |   125445.993
       7.000 |   125441.208 |        0.833 |   125442.041
       9.000 |   125439.650 |        3.934 |   125443.584
      10.000 |   125439.632 |        0.972 |   125440.604
       8.000 |   125438.782 |        3.313 |   125442.096
       9.000 |   126460.073 |        3.902 |   126463.975
       8.000 |   126457.626 |        1.314 |   126458.940
       6.000 |   126451.692 |        0.739 |   126452.431
       9.000 |   126451.263 |        0.436 |   126451.699
       6.000 |   126451.353 |        0.932 |   126452.285
       9.000 |   126477.470 |        1.202 |   126478.673
      10.000 |   126449.116 |        0.602 |   126449.717
       8.000 |   126447.942 |        0.462 |   126448.404
      11.000 |   126450.673 |        1.456 |   126452.129
       8.000 |   126445.998 |        0.623 |   126446.621
      11.000 |   126450.293 |        3.152 |   126453.444
       4.000 |   126454.958 |        3.709 |   126458.666
      14.000 |   126479.783 |        0.784 |   126480.567
       6.000 |   126449.771 |        0.554 |   126450.325
       9.000 |   126461.366 |        0.891 |   126462.256
       9.000 |   126464.670 |        0.416 |   126465.086
       8.000 |   126474.881 |        3.754 |   126478.636
       6.000 |   126466.023 |        2.969 |   126468.992
      10.000 |   126466.785 |        1.804 |   126468.589
      14.000 |   126460.701 |        0.491 |   126461.192
      11.000 |   126464.852 |        0.588 |   126465.440
      10.000 |   126469.658 |        3.995 |   126473.653
       7.000 |   126466.914 |        2.168 |   126469.082
       7.000 |   126463.185 |        1.357 |   126464.542
       9.000 |   126462.534 |        1.088 |   126463.622
      10.000 |   126468.831 |        1.139 |   126469.970
       4.000 |   126464.251 |        2.373 |   126466.624
       8.000 |   126460.498 |        1.190 |   126461.688
       6.000 |   126459.212 |        0.922 |   126460.134
       8.000 |   126472.365 |        4.265 |   126476.630
       9.000 |   126455.579 |        0.683 |   126456.262
      13.000 |   126464.123 |        1.031 |   126465.154
       9.000 |   126455.786 |        1.416 |   126457.202
       6.000 |   126455.595 |        0.396 |   126455.990
      14.000 |   126457.433 |        2.751 |   126460.184
      12.000 |   126460.306 |        3.902 |   126464.208
       9.000 |   126454.280 |        2.483 |   126456.763
      11.000 |   126454.462 |        3.703 |   126458.166
       7.000 |   126457.156 |        3.211 |   126460.366
       6.000 |   126454.931 |        0.754 |   126455.684
       6.000 |   126456.628 |        2.973 |   126459.600
      10.000 |   126454.655 |        2.670 |   126457.325
       7.000 |   126454.271 |        1.123 |   126455.394
       7.000 |   126453.738 |        0.643 |   126454.380
       8.000 |   126453.123 |        3.210 |   126456.333
      12.000 |   126459.949 |        4.572 |   126464.522
      12.000 |   126455.018 |        4.604 |   126459.622
      15.000 |   126453.035 |        1.347 |   126454.383
       6.000 |   126456.774 |        0.312 |   126457.086
       6.000 |   126451.191 |        2.217 |   126453.408
      12.000 |   126451.818 |        1.467 |   126453.284
       9.000 |   126450.808 |        1.299 |   126452.107
       8.000 |   126455.510 |        0.809 |   126456.319
      10.000 |   126451.130 |        0.790 |   126451.920
       8.000 |   126450.443 |        0.886 |   126451.330
       7.000 |   126450.146 |        0.972 |   126451.118
      12.000 |   126453.947 |        0.509 |   126454.455
      10.000 |   126448.801 |        0.927 |   126449.729
      13.000 |   126450.708 |        0.819 |   126451.527
      10.000 |   126450.735 |        0.765 |   126451.500
      15.000 |   126444.202 |        1.874 |   126446.076
       3.000 |   126443.846 |        2.553 |   126446.399
      10.000 |   126439.742 |        2.698 |   126442.440
       9.000 |   126438.691 |        0.927 |   126439.618
       6.000 |   126439.227 |        0.550 |   126439.777
       6.000 |   126438.003 |        0.819 |   126438.822
      10.000 |   126439.437 |        2.838 |   126442.275
      21.000 |   126437.931 |        0.701 |   126438.632
       4.000 |   126437.346 |        0.822 |   126438.168
      10.000 |   126437.089 |        3.455 |   126440.544
      10.000 |   126439.768 |        1.093 |   126440.860
       9.000 |   126436.080 |        2.002 |   126438.082
      11.000 |   126433.624 |        3.988 |   126437.612
       7.000 |   126432.750 |        1.561 |   126434.312
       7.000 |   126449.936 |        3.978 |   126453.914
      10.000 |   126447.664 |        3.823 |   126451.487
       9.000 |   126448.001 |        0.922 |   126448.923
      11.000 |   126446.925 |        1.070 |   126447.994
      12.000 |   126445.971 |        1.665 |   126447.636
      15.000 |   126445.320 |        1.134 |   126446.454
       8.000 |   126444.242 |        1.693 |   126445.935
       8.000 |   126466.434 |        0.594 |   126467.028
       7.000 |   126538.316 |        0.869 |   126539.185
       5.000 |   126531.347 |        0.973 |   126532.320
      11.000 |   126530.392 |        3.134 |   126533.526
      11.000 |   126529.808 |        2.141 |   126531.949
       4.000 |   126701.010 |        2.662 |   126703.672
       8.000 |   126698.463 |        0.457 |   126698.919
      12.000 |   126697.019 |        2.824 |   126699.843
       8.000 |   126697.933 |        0.768 |   126698.701
      10.000 |   126697.647 |        0.861 |   126698.508
      11.000 |   126697.078 |        0.672 |   126697.750
       9.000 |   126696.429 |        0.849 |   126697.279
       9.000 |   126695.531 |        2.231 |   126697.762
       7.000 |   126696.348 |        0.859 |   126697.206
       7.000 |   126694.268 |        2.109 |   126696.377
      10.000 |   126693.634 |        3.260 |   126696.894
      11.000 |   126694.683 |        1.463 |   126696.147
      12.000 |   126703.974 |        0.605 |   126704.579
       7.000 |   126703.685 |        0.549 |   126704.234
      10.000 |   126702.627 |        0.949 |   126703.575
       7.000 |   126701.835 |        1.353 |   126703.187
       6.000 |   126700.966 |        1.844 |   126702.810
       5.000 |   126707.808 |        0.636 |   126708.444
       8.000 |   126700.460 |        1.842 |   126702.302
       9.000 |   126699.764 |        1.947 |   126701.711
      10.000 |   126700.452 |        1.208 |   126701.660
       9.000 |   126700.474 |        0.853 |   126701.327
      12.000 |   126700.081 |        0.380 |   126700.461
       9.000 |   126708.814 |        1.177 |   126709.991
       6.000 |   126706.746 |        0.882 |   126707.627
       8.000 |   126705.456 |        1.544 |   126707.000
       8.000 |   126704.656 |        0.805 |   126705.462
       6.000 |   126705.989 |        1.886 |   126707.875
      12.000 |   126736.592 |        0.550 |   126737.142
      11.000 |   126702.236 |        0.690 |   126702.926
      12.000 |   126700.353 |        2.872 |   126703.225
      21.000 |   126704.230 |        1.181 |   126705.411
       9.000 |   126702.295 |        0.784 |   126703.079
      10.000 |   126698.285 |        0.739 |   126699.024
       9.000 |   126702.670 |        1.098 |   126703.768
       7.000 |   126698.499 |        2.089 |   126700.588
      11.000 |   126697.066 |        0.969 |   126698.035
      12.000 |   126717.950 |        1.791 |   126719.741
       9.000 |   126728.060 |        1.016 |   126729.076
      11.000 |   126726.478 |        0.655 |   126727.133
      10.000 |   126727.946 |        0.776 |   126728.721
      12.000 |   126725.526 |        0.576 |   126726.102
       6.000 |   126725.400 |        0.680 |   126726.079
       8.000 |   126726.796 |        1.916 |   126728.712
      12.000 |   126723.171 |        1.753 |   126724.924
       8.000 |   126723.435 |        0.927 |   126724.362
       4.000 |   126740.662 |        1.865 |   126742.527
       8.000 |   126736.637 |        1.032 |   126737.669
       6.000 |   126734.523 |        2.428 |   126736.951
      10.000 |   126733.511 |        0.658 |   126734.169
      11.000 |   126737.524 |        1.032 |   126738.556
       8.000 |   126731.350 |        2.349 |   126733.699
       4.000 |   126729.871 |        0.539 |   126730.411
       9.000 |   126728.897 |        2.605 |   126731.502
       5.000 |   126726.566 |        1.666 |   126728.232
      21.000 |   126736.982 |        1.421 |   126738.403
       9.000 |   126736.451 |        3.913 |   126740.364
       7.000 |   126728.972 |        3.790 |   126732.761
       7.000 |   126728.680 |        1.990 |   126730.669
       5.000 |   126728.181 |        1.127 |   126729.308
       7.000 |   126726.860 |        0.685 |   126727.545
       8.000 |   126726.402 |        1.852 |   126728.254
       4.000 |   126725.434 |        0.756 |   126726.190
       7.000 |   126724.345 |        2.677 |   126727.022
       8.000 |   126725.499 |        1.180 |   126726.679
      11.000 |   126724.025 |        0.778 |   126724.802
       4.000 |   126723.687 |        2.373 |   126726.060
       8.000 |   126721.600 |        1.408 |   126723.009
       8.000 |   126721.754 |        0.739 |   126722.493
       5.000 |   126754.634 |        2.064 |   126756.698
      10.000 |   126719.718 |        4.998 |   126724.716
      12.000 |   126726.066 |        2.865 |   126728.932
       9.000 |   126726.200 |        2.021 |   126728.221
       8.000 |   126725.560 |        1.339 |   126726.900
      19.000 |   126725.930 |        0.748 |   126726.679
      12.000 |   126724.525 |        0.702 |   126725.227
       8.000 |   126727.253 |        0.908 |   126728.161
       7.000 |   126722.499 |        0.891 |   126723.391
       6.000 |   130627.834 |        0.731 |   130628.565
       7.000 |   130610.493 |        0.713 |   130611.206
      15.000 |   130606.882 |        0.412 |   130607.294
       8.000 |   130627.338 |        0.495 |   130627.832
       6.000 |   130602.362 |        1.832 |   130604.194
      11.000 |   130601.868 |        0.361 |   130602.228
       9.000 |   130602.479 |        3.472 |   130605.951
       7.000 |   134182.306 |        1.769 |   134184.075
       8.000 |   134175.214 |        1.954 |   134177.168
       9.000 |   134174.887 |        0.677 |   134175.564
       7.000 |   134174.583 |        0.234 |   134174.817
       6.000 |   134173.394 |        1.479 |   134174.873
       9.000 |   134172.529 |        3.597 |   134176.126
       9.000 |   134173.710 |        0.757 |   134174.467
      10.000 |   134172.298 |        1.077 |   134173.375
       8.000 |   134170.915 |        2.803 |   134173.718
      10.000 |   134189.040 |        1.439 |   134190.479
       6.000 |   134171.916 |        1.435 |   134173.352
       6.000 |   134169.788 |        1.034 |   134170.821
      10.000 |   134168.220 |        3.015 |   134171.235
      13.000 |   134169.003 |        1.803 |   134170.805
       8.000 |   134167.893 |        0.386 |   134168.280
       9.000 |   134187.190 |        3.547 |   134190.736
      10.000 |   134167.682 |        1.064 |   134168.746
       8.000 |   134167.546 |        2.427 |   134169.974
      10.000 |   134166.909 |        0.831 |   134167.741
       9.000 |   134161.742 |        0.842 |   134162.584
       8.000 |   134165.116 |        1.498 |   134166.614
       8.000 |   134164.559 |        1.943 |   134166.502
      14.000 |   134160.802 |        1.529 |   134162.331
      13.000 |   134159.352 |        0.656 |   134160.008
       7.000 |   134159.351 |        0.989 |   134160.340
      11.000 |   134158.407 |        2.183 |   134160.591
       8.000 |   134177.042 |        3.446 |   134180.488
      11.000 |   134172.998 |        1.292 |   134174.290
       5.000 |   134157.762 |        1.500 |   134159.262
      14.000 |   134169.146 |        0.891 |   134170.037
       9.000 |   134164.005 |        4.339 |   134168.344
      10.000 |   134159.800 |        2.857 |   134162.657
      11.000 |   134157.355 |        2.633 |   134159.988
      10.000 |   134157.147 |        0.707 |   134157.853
       8.000 |   134156.463 |        0.905 |   134157.368
      12.000 |   134154.494 |        0.433 |   134154.927
       7.000 |   134159.625 |        3.888 |   134163.512
       8.000 |   134157.545 |        3.957 |   134161.501
       7.000 |   134152.735 |        0.560 |   134153.295
       8.000 |   134156.808 |        0.677 |   134157.485
       9.000 |   134152.500 |        0.615 |   134153.115
       6.000 |   134155.986 |        2.474 |   134158.460
       4.000 |   134155.350 |        2.229 |   134157.579
       7.000 |   134154.848 |        1.796 |   134156.644
       8.000 |   134149.554 |        1.146 |   134150.700
       9.000 |   134154.053 |        3.196 |   134157.249
       9.000 |   134149.529 |        2.506 |   134152.035
      10.000 |   134148.864 |        0.552 |   134149.415
       8.000 |   134148.225 |        1.031 |   134149.256
       7.000 |   134147.988 |        0.643 |   134148.631
      12.000 |   134146.434 |        3.984 |   134150.418
       7.000 |   134145.958 |        1.251 |   134147.209
       9.000 |   134144.909 |        1.496 |   134146.405
       6.000 |   134145.172 |        0.683 |   134145.855
      11.000 |   134143.937 |        2.072 |   134146.008
       5.000 |   134143.591 |        1.686 |   134145.277
      12.000 |   134144.063 |        0.812 |   134144.876
       7.000 |   134141.824 |        2.224 |   134144.048
       7.000 |   134141.387 |        0.404 |   134141.791
       9.000 |   134140.947 |        1.075 |   134142.022
       9.000 |   134138.830 |        0.802 |   134139.633
      13.000 |   134139.892 |        4.604 |   134144.496
       8.000 |   134138.472 |        0.873 |   134139.345
       6.000 |   134140.465 |        3.406 |   134143.871
       8.000 |   134136.896 |        0.671 |   134137.567
       9.000 |   134136.241 |        0.400 |   134136.641
      10.000 |   134138.665 |        3.395 |   134142.060
       7.000 |   134133.913 |        0.741 |   134134.655
       7.000 |   134133.942 |        2.164 |   134136.106
      10.000 |   134133.944 |        0.581 |   134134.525
      11.000 |   134130.374 |        2.731 |   134133.105
       7.000 |   134130.140 |        1.004 |   134131.145
       8.000 |   134130.172 |        2.770 |   134132.943
       9.000 |   134128.114 |        2.492 |   134130.606
       4.000 |   134128.591 |        0.658 |   134129.250
      11.000 |   134128.146 |        2.249 |   134130.395
       8.000 |   134128.366 |        0.479 |   134128.845
       9.000 |   134127.398 |        1.640 |   134129.038
      11.000 |   134125.790 |        0.587 |   134126.377
       6.000 |   134123.844 |        3.132 |   134126.976
      11.000 |   134123.968 |        2.999 |   134126.968
      16.000 |   134124.273 |        1.506 |   134125.779
       5.000 |   134124.568 |        0.778 |   134125.346
       8.000 |   134123.092 |        1.686 |   134124.778
      10.000 |   134121.628 |        2.099 |   134123.727
       5.000 |   134121.984 |        1.360 |   134123.344
      10.000 |   134122.253 |        0.508 |   134122.761
      11.000 |   134120.785 |        1.736 |   134122.521
       9.000 |   134120.748 |        1.740 |   134122.488
      10.000 |   134120.654 |        1.303 |   134121.957
      10.000 |   134119.328 |        0.761 |   134120.089
      12.000 |   134118.779 |        1.894 |   134120.673
      12.000 |   134119.140 |        0.752 |   134119.892
       7.000 |   134117.707 |        0.664 |   134118.372
      14.000 |   134116.658 |        0.464 |   134117.122
      10.000 |   134115.633 |        0.843 |   134116.475
       7.000 |   134114.480 |        0.482 |   134114.962
      11.000 |   134113.285 |        0.948 |   134114.233
      13.000 |   134112.180 |        0.563 |   134112.743
      10.000 |   134113.031 |        1.461 |   134114.492
      13.000 |   134107.446 |        0.654 |   134108.100
      11.000 |   134106.959 |        0.388 |   134107.348
       8.000 |   134106.704 |        0.305 |   134107.009
       7.000 |   134106.241 |        0.609 |   134106.850
       6.000 |   134106.117 |        1.369 |   134107.486
      10.000 |   134102.900 |        0.713 |   134103.613
       3.000 |   134109.982 |        2.007 |   134111.989
       8.000 |   134102.620 |        0.918 |   134103.538
       8.000 |   134110.435 |        2.753 |   134113.188
      10.000 |   134098.638 |        0.595 |   134099.233
       6.000 |   134100.018 |        0.937 |   134100.955
       9.000 |   134109.545 |        3.828 |   134113.373
       6.000 |   134097.971 |        0.872 |   134098.843
       7.000 |   134097.647 |        1.378 |   134099.025
      14.000 |   134093.361 |        0.496 |   134093.857
      13.000 |   134096.403 |        0.836 |   134097.238
       9.000 |   134096.954 |        1.150 |   134098.104
       9.000 |   134096.703 |        2.377 |   134099.080
       6.000 |   134099.405 |        3.087 |   134102.492
       5.000 |   134092.390 |        1.275 |   134093.665
       8.000 |   134090.882 |        0.871 |   134091.753
      12.000 |   134086.806 |        0.572 |   134087.377
      13.000 |   134087.749 |        1.296 |   134089.045
       7.000 |   134090.316 |        1.985 |   134092.301
      12.000 |   134086.629 |        1.157 |   134087.786
       8.000 |   134084.387 |        0.928 |   134085.315
      11.000 |   134084.083 |        1.297 |   134085.380
       5.000 |   134083.371 |        0.767 |   134084.138
       8.000 |   134084.177 |        1.049 |   134085.226
       5.000 |   134094.925 |        4.183 |   134099.108
       6.000 |   134082.714 |        0.742 |   134083.456
      10.000 |   134089.292 |        3.077 |   134092.369
       6.000 |   134082.461 |        0.453 |   134082.915
       4.000 |   134085.911 |        2.809 |   134088.720
       9.000 |   134082.077 |        0.897 |   134082.974
       7.000 |   134082.033 |        1.696 |   134083.729
       8.000 |   134081.991 |        1.504 |   134083.495
       7.000 |   134081.642 |        0.909 |   134082.552
      12.000 |   134080.809 |        1.618 |   134082.427
       5.000 |   134080.777 |        0.982 |   134081.758
      10.000 |   134080.609 |        0.630 |   134081.239
      10.000 |   134079.246 |        0.668 |   134079.914
       6.000 |   134078.131 |        0.925 |   134079.055
      10.000 |   134077.461 |        3.028 |   134080.489
      12.000 |   134076.777 |        0.781 |   134077.558
       5.000 |   134075.006 |        0.587 |   134075.593
      10.000 |   134072.500 |        0.768 |   134073.268
       5.000 |   134068.712 |        0.860 |   134069.573
       9.000 |   134073.921 |        2.007 |   134075.929
       4.000 |   134067.688 |        0.636 |   134068.324
       9.000 |   134071.084 |        2.796 |   134073.880
       8.000 |   134065.018 |        3.587 |   134068.605
       9.000 |   134064.787 |        2.209 |   134066.995
      11.000 |   134065.184 |        1.652 |   134066.836
       9.000 |   134063.543 |        1.308 |   134064.850
       6.000 |   134061.818 |        0.785 |   134062.603
      13.000 |   134060.111 |        2.623 |   134062.734
      11.000 |   134061.099 |        0.772 |   134061.870
       9.000 |   134059.801 |        0.730 |   134060.531
       8.000 |   134059.621 |        0.703 |   134060.324
      11.000 |   134060.023 |        1.474 |   134061.498
       8.000 |   134057.803 |        0.827 |   134058.629
      12.000 |   134053.914 |        0.423 |   134054.337
       8.000 |   134058.177 |        1.752 |   134059.929
      11.000 |   134054.495 |        1.413 |   134055.908
       6.000 |   134052.508 |        0.889 |   134053.397
       9.000 |   134053.732 |        1.567 |   134055.299
       9.000 |   134053.962 |        2.611 |   134056.573
      11.000 |   134052.915 |        2.329 |   134055.244
      14.000 |   134050.769 |        1.269 |   134052.038
       9.000 |   134049.978 |        0.884 |   134050.862
       9.000 |   134048.526 |        2.582 |   134051.108
      12.000 |   134049.546 |        1.032 |   134050.578
      10.000 |   134049.666 |        0.429 |   134050.095
      10.000 |   134048.104 |        2.477 |   134050.581
       4.000 |   134049.141 |        0.691 |   134049.832
       6.000 |   134048.960 |        0.560 |   134049.519
       7.000 |   134048.084 |        0.874 |   134048.958
      13.000 |   134045.988 |        0.425 |   134046.413
       9.000 |   134046.180 |        1.233 |   134047.413
       8.000 |   134045.401 |        0.526 |   134045.926
       8.000 |   134044.014 |        0.572 |   134044.586
       5.000 |   134045.736 |        1.500 |   134047.236
       6.000 |   134042.992 |        0.280 |   134043.272
      11.000 |   134043.084 |        1.220 |   134044.304
       7.000 |   134044.186 |        3.673 |   134047.859
       7.000 |   134041.003 |        0.679 |   134041.682
       7.000 |   134040.800 |        1.009 |   134041.809
      14.000 |   134043.532 |        2.957 |   134046.489
       6.000 |   134041.651 |        2.343 |   134043.994
      13.000 |   134039.678 |        2.204 |   134041.883
       7.000 |   134039.665 |        0.808 |   134040.473
      15.000 |   134037.895 |        2.734 |   134040.629
       6.000 |   134038.037 |        1.795 |   134039.833
       7.000 |   134038.493 |        1.277 |   134039.770
       7.000 |   134038.833 |        0.911 |   134039.744
       8.000 |   134037.407 |        0.767 |   134038.173
       6.000 |   134036.416 |        0.886 |   134037.302
      10.000 |   134035.433 |        1.820 |   134037.253
      10.000 |   134033.951 |        2.305 |   134036.255
       9.000 |   134033.200 |        0.639 |   134033.839
       8.000 |   134032.918 |        0.551 |   134033.469
       5.000 |   134029.995 |        4.216 |   134034.211
       9.000 |   134032.458 |        0.602 |   134033.059
       6.000 |   134031.398 |        1.709 |   134033.107
      11.000 |   134031.818 |        0.759 |   134032.577
      11.000 |   134029.727 |        2.943 |   134032.670
       8.000 |   134029.446 |        1.021 |   134030.467
       5.000 |   134029.423 |        2.159 |   134031.582
      11.000 |   134028.138 |        1.112 |   134029.250
       6.000 |   134028.086 |        0.564 |   134028.650
      14.000 |   134028.006 |        0.651 |   134028.657
       9.000 |   134025.430 |        4.582 |   134030.012
       8.000 |   134027.063 |        0.937 |   134028.000
      12.000 |   134025.633 |        0.670 |   134026.303
      16.000 |   134023.938 |        0.967 |   134024.905
      10.000 |   134023.546 |        0.912 |   134024.459
       6.000 |   134023.104 |        0.431 |   134023.535
       7.000 |   134022.768 |        0.768 |   134023.535
       9.000 |   134022.576 |        0.899 |   134023.475
      10.000 |   134022.614 |        0.683 |   134023.297
      12.000 |   134022.289 |        0.917 |   134023.206
      11.000 |   134020.447 |        2.812 |   134023.259
       9.000 |   134020.999 |        2.085 |   134023.084
       8.000 |   134021.087 |        1.710 |   134022.797
       7.000 |   134021.642 |        0.874 |   134022.516
      11.000 |   134019.238 |        0.362 |   134019.600
      10.000 |   134020.377 |        2.040 |   134022.417
      11.000 |   134018.270 |        0.897 |   134019.167
      10.000 |   134017.781 |        0.944 |   134018.725
      10.000 |   134015.230 |        3.787 |   134019.017
      12.000 |   134015.465 |        1.226 |   134016.690
      10.000 |   134015.337 |        0.808 |   134016.145
       7.000 |   134014.827 |        2.918 |   134017.745
      10.000 |   134013.596 |        2.213 |   134015.810
      12.000 |   134010.481 |        0.311 |   134010.792
       9.000 |   134010.701 |        1.836 |   134012.536
      11.000 |   134009.650 |        0.702 |   134010.352
       7.000 |   134009.522 |        0.704 |   134010.226
       4.000 |   134008.381 |        0.630 |   134009.011
      10.000 |   134010.488 |        1.889 |   134012.376
      13.000 |   134009.750 |        2.055 |   134011.805
      11.000 |   134009.431 |        2.182 |   134011.613
       9.000 |   134004.317 |        0.590 |   134004.907
       6.000 |   134006.443 |        1.045 |   134007.488
       9.000 |   134003.946 |        0.418 |   134004.364
      11.000 |   134006.105 |        1.519 |   134007.624
      13.000 |   134005.868 |        1.291 |   134007.159
       9.000 |   134003.594 |        1.112 |   134004.706
      11.000 |   133997.556 |        0.436 |   133997.992
       9.000 |   133996.452 |        0.356 |   133996.808
       7.000 |   133996.376 |        0.645 |   133997.021
       9.000 |   134005.213 |        3.102 |   134008.314
       5.000 |   133993.916 |        0.566 |   133994.481
       7.000 |   133997.157 |        1.693 |   133998.850
      10.000 |   133997.899 |        2.060 |   133999.959
       9.000 |   133993.387 |        1.238 |   133994.625
      10.000 |   133990.659 |        0.568 |   133991.228
       7.000 |   133998.021 |        2.647 |   134000.668
       6.000 |   133992.742 |        1.313 |   133994.055
       5.000 |   133990.436 |        0.814 |   133991.250
       6.000 |   133990.645 |        1.322 |   133991.967
       7.000 |   133988.605 |        0.582 |   133989.186
      10.000 |   133989.082 |        1.014 |   133990.096
       8.000 |   133987.760 |        0.647 |   133988.407
      10.000 |   133986.001 |        0.805 |   133986.805
      14.000 |   133981.103 |        0.480 |   133981.582
      14.000 |   133986.845 |        1.927 |   133988.772
       6.000 |   133984.658 |        1.111 |   133985.769
       9.000 |   133985.285 |        1.437 |   133986.722
      11.000 |   133977.387 |        0.824 |   133978.211
       7.000 |   133975.818 |        0.350 |   133976.168
       8.000 |   133986.078 |        2.203 |   133988.281
       7.000 |   133975.612 |        0.502 |   133976.114
      10.000 |   133975.066 |        0.732 |   133975.798
      11.000 |   133972.978 |        0.618 |   133973.595
       9.000 |   133973.570 |        0.981 |   133974.551
      10.000 |   133969.858 |        0.525 |   133970.382
       9.000 |   133970.441 |        0.839 |   133971.279
       7.000 |   133968.959 |        0.783 |   133969.741
      13.000 |   133975.369 |        2.539 |   133977.908
      12.000 |   133966.599 |        1.163 |   133967.762
      10.000 |   133966.590 |        0.881 |   133967.471
       9.000 |   133966.363 |        1.195 |   133967.558
      11.000 |   133978.636 |        4.059 |   133982.695
       6.000 |   133974.540 |        3.641 |   133978.181
       8.000 |   133965.532 |        0.642 |   133966.173
      17.000 |   133965.548 |        1.117 |   133966.665
       7.000 |   133965.285 |        0.793 |   133966.078
       8.000 |   133964.765 |        0.675 |   133965.440
       4.000 |   133965.021 |        1.932 |   133966.953
       6.000 |   133964.529 |        1.178 |   133965.706
       5.000 |   133964.319 |        1.039 |   133965.358
       9.000 |   133963.987 |        0.779 |   133964.767
      10.000 |   133963.304 |        0.422 |   133963.725
      13.000 |   133963.871 |        0.739 |   133964.609
       6.000 |   133963.620 |        1.032 |   133964.652
      10.000 |   133961.189 |        0.393 |   133961.581
       5.000 |   133961.885 |        0.693 |   133962.579
       6.000 |   133962.940 |        1.983 |   133964.924
       7.000 |   133963.471 |        3.273 |   133966.744
      11.000 |   133961.442 |        2.232 |   133963.674
       8.000 |   133960.269 |        0.650 |   133960.918
      12.000 |   133959.972 |        1.039 |   133961.011
       9.000 |   133959.303 |        1.045 |   133960.348
      13.000 |   133958.215 |        1.899 |   133960.114
      11.000 |   133957.871 |        2.672 |   133960.544
      10.000 |   133956.918 |        3.983 |   133960.901
      10.000 |   133956.660 |        4.727 |   133961.388
      13.000 |   133958.151 |        1.832 |   133959.984
       7.000 |   133956.228 |        0.690 |   133956.918
       6.000 |   133957.050 |        1.835 |   133958.885
       8.000 |   133954.561 |        0.699 |   133955.260
       9.000 |   133955.268 |        4.255 |   133959.523
