Linux 5.0.0-31-generic (yong) 	11/21/19 	_x86_64_	(48 CPU)

18:33:09        CPU     %user     %nice   %system   %iowait    %steal     %idle
18:33:11          0     56.37      0.00     12.75      0.00      0.00     30.88
18:33:11          2     56.41      0.00     11.28      0.00      0.00     32.31
18:33:11          4     54.00      0.00     13.50      0.00      0.00     32.50
18:33:11          6     55.78      0.00     12.06      0.00      0.00     32.16
18:33:11          8     53.85      0.00     12.82      0.00      0.00     33.33
18:33:11         10     51.56      0.00     14.06      0.00      0.00     34.38
18:33:11         12     54.08      0.00     13.78      0.00      0.00     32.14
18:33:11         14     53.81      0.00     13.71      0.00      0.00     32.49
18:33:11         16     52.74      0.00     14.43      0.00      0.00     32.84
18:33:11         18     50.52      0.00     16.67      0.00      0.00     32.81
18:33:11         20     53.00      0.00     14.50      0.00      0.00     32.50
18:33:11         22      0.00      0.00      0.00      0.00      0.00    100.00

18:33:11        CPU     %user     %nice   %system   %iowait    %steal     %idle
18:33:13          0     51.79      0.00     15.90      0.00      0.00     32.31
18:33:13          2     54.36      0.00     13.33      0.00      0.00     32.31
18:33:13          4     54.50      0.00     14.00      0.00      0.00     31.50
18:33:13          6     57.43      0.00     11.88      0.00      0.00     30.69
18:33:13          8     52.55      0.00     15.31      0.00      0.00     32.14
18:33:13         10     57.58      0.00     10.10      0.00      0.00     32.32
18:33:13         12     53.12      0.00     13.54      0.00      0.00     33.33
18:33:13         14     57.43      0.00     10.89      0.00      0.00     31.68
18:33:13         16     50.78      0.00     16.58      0.00      0.00     32.64
18:33:13         18     52.88      0.00     13.09      0.00      0.00     34.03
18:33:13         20     52.08      0.00     15.10      0.00      0.00     32.81
18:33:13         22      0.00      0.00      0.00      0.00      0.00    100.00

18:33:13        CPU     %user     %nice   %system   %iowait    %steal     %idle
18:33:15          0     55.33      0.00     13.71      0.00      0.00     30.96
18:33:15          2     57.71      0.00     11.44      0.00      0.00     30.85
18:33:15          4     55.78      0.00     12.56      0.00      0.00     31.66
18:33:15          6     55.22      0.00     13.43      0.00      0.00     31.34
18:33:15          8     56.16      0.00     12.32      0.00      0.00     31.53
18:33:15         10     56.35      0.00     11.17      0.00      0.00     32.49
18:33:15         12     53.00      0.00     15.00      0.00      0.00     32.00
18:33:15         14     56.65      0.00     12.81      0.00      0.00     30.54
18:33:15         16     50.79      0.00     15.18      0.00      0.00     34.03
18:33:15         18     55.67      0.00     12.32      0.00      0.00     32.02
18:33:15         20     57.42      0.00     12.92      0.00      0.00     29.67
18:33:15         22      0.00      0.00      0.00      0.00      0.00    100.00

18:33:15        CPU     %user     %nice   %system   %iowait    %steal     %idle
18:33:17          0     53.16      0.00     13.16      0.00      0.00     33.68
18:33:17          2     52.26      0.00     15.58      0.00      0.00     32.16
18:33:17          4     54.12      0.00     12.89      0.00      0.00     32.99
18:33:17          6     54.68      0.00     13.79      0.00      0.00     31.53
18:33:17          8     51.53      0.00     15.31      0.00      0.00     33.16
18:33:17         10     52.26      0.00     14.57      0.00      0.00     33.17
18:33:17         12     54.73      0.00     13.43      0.00      0.00     31.84
18:33:17         14     56.48      0.00     10.88      0.00      0.00     32.64
18:33:17         16     53.27      0.00     14.57      0.00      0.00     32.16
18:33:17         18     54.59      0.00     12.76      0.00      0.00     32.65
18:33:17         20     53.54      0.00     13.64      0.00      0.00     32.83
18:33:17         22      0.00      0.00      0.00      0.00      0.00    100.00

18:33:17        CPU     %user     %nice   %system   %iowait    %steal     %idle
18:33:19          0     54.46      0.00     13.86      0.00      0.00     31.68
18:33:19          2     55.33      0.00     13.71      0.00      0.00     30.96
18:33:19          4     54.50      0.00     14.50      0.00      0.00     31.00
18:33:19          6     53.03      0.00     14.14      0.00      0.00     32.83
18:33:19          8     54.50      0.00     14.00      0.00      0.00     31.50
18:33:19         10     53.47      0.00     13.86      0.00      0.00     32.67
18:33:19         12     56.72      0.00     12.44      0.00      0.00     30.85
18:33:19         14     54.45      0.00     12.57      0.00      0.00     32.98
18:33:19         16     53.65      0.00     13.02      0.00      0.00     33.33
18:33:19         18     53.93      0.00     13.09      0.00      0.00     32.98
18:33:19         20     54.27      0.00     13.57      0.00      0.00     32.16
18:33:19         22      0.00      0.00      0.00      0.00      0.00    100.00

18:33:19        CPU     %user     %nice   %system   %iowait    %steal     %idle
18:33:21          0     54.77      0.00     12.06      0.00      0.00     33.17
18:33:21          2     53.54      0.00     13.13      0.00      0.00     33.33
18:33:21          4     54.68      0.00     13.30      0.00      0.00     32.02
18:33:21          6     52.31      0.00     14.36      0.00      0.00     33.33
18:33:21          8     55.50      0.00     12.50      0.00      0.00     32.00
18:33:21         10     55.44      0.00     10.36      0.00      0.00     34.20
18:33:21         12     55.00      0.00     12.00      0.00      0.00     33.00
18:33:21         14     54.36      0.00     12.82      0.00      0.00     32.82
18:33:21         16     52.02      0.00     14.14      0.00      0.00     33.84
18:33:21         18     54.69      0.00     11.46      0.00      0.00     33.85
18:33:21         20     55.17      0.00     12.32      0.00      0.00     32.51
18:33:21         22      0.00      0.00      0.00      0.00      0.00    100.00

18:33:21        CPU     %user     %nice   %system   %iowait    %steal     %idle
18:33:23          0     55.67      0.00     12.89      0.00      0.00     31.44
18:33:23          2     53.30      0.00     14.72      0.00      0.00     31.98
18:33:23          4     54.12      0.00     13.92      0.00      0.00     31.96
18:33:23          6     57.92      0.00     11.39      0.00      0.00     30.69
18:33:23          8     55.78      0.00     12.56      0.00      0.00     31.66
18:33:23         10     54.73      0.00     13.93      0.00      0.00     31.34
18:33:23         12     55.56      0.00     12.63      0.00      0.00     31.82
18:33:23         14     53.33      0.00     14.36      0.00      0.00     32.31
18:33:23         16     55.22      0.00     13.43      0.00      0.00     31.34
18:33:23         18     52.50      0.00     15.50      0.00      0.00     32.00
18:33:23         20     53.73      0.00     15.42      0.00      0.00     30.85
18:33:23         22      0.00      0.00      0.00      0.00      0.00    100.00

18:33:23        CPU     %user     %nice   %system   %iowait    %steal     %idle
18:33:25          0     55.10      0.00     13.27      0.00      0.00     31.63
18:33:25          2     54.69      0.00     13.02      0.00      0.00     32.29
18:33:25          4     54.17      0.00     12.50      0.00      0.00     33.33
18:33:25          6     53.69      0.00     14.78      0.00      0.00     31.53
18:33:25          8     53.12      0.00     14.06      0.00      0.00     32.81
18:33:25         10     56.12      0.00     12.24      0.00      0.00     31.63
18:33:25         12     55.10      0.00     11.73      0.00      0.00     33.16
18:33:25         14     57.22      0.00     10.31      0.00      0.00     32.47
18:33:25         16     53.54      0.00     13.64      0.00      0.00     32.83
18:33:25         18     53.61      0.00     13.40      0.00      0.00     32.99
18:33:25         20     55.50      0.00     12.50      0.00      0.00     32.00
18:33:25         22      0.00      0.00      0.00      0.00      0.00    100.00

18:33:25        CPU     %user     %nice   %system   %iowait    %steal     %idle
18:33:27          0     52.31      0.00     14.36      0.00      0.00     33.33
18:33:27          2     52.79      0.00     15.23      0.00      0.00     31.98
18:33:27          4     52.79      0.00     14.72      0.00      0.00     32.49
18:33:27          6     54.50      0.00     13.00      0.00      0.00     32.50
18:33:27          8     50.52      0.00     16.49      0.00      0.00     32.99
18:33:27         10     52.20      0.00     16.10      0.00      0.00     31.71
18:33:27         12     54.23      0.00     14.93      0.00      0.00     30.85
18:33:27         14     52.82      0.00     13.85      0.00      0.00     33.33
18:33:27         16     49.48      0.00     17.19      0.00      0.00     33.33
18:33:27         18     57.00      0.00     11.50      0.00      0.00     31.50
18:33:27         20     53.73      0.00     13.93      0.00      0.00     32.34
18:33:27         22      0.00      0.00      0.00      0.00      0.00    100.00

18:33:27        CPU     %user     %nice   %system   %iowait    %steal     %idle
18:33:29          0     54.73      0.00     13.43      0.00      0.00     31.84
18:33:29          2     55.05      0.00     13.13      0.00      0.00     31.82
18:33:29          4     56.00      0.00     12.50      0.00      0.00     31.50
18:33:29          6     54.31      0.00     13.71      0.00      0.00     31.98
18:33:29          8     55.10      0.00     12.76      0.00      0.00     32.14
18:33:29         10     54.36      0.00     12.82      0.00      0.00     32.82
18:33:29         12     56.06      0.00     12.12      0.00      0.00     31.82
18:33:29         14     53.93      0.00     13.09      0.00      0.00     32.98
18:33:29         16     53.81      0.00     13.20      0.00      0.00     32.99
18:33:29         18     52.82      0.00     13.85      0.00      0.00     33.33
18:33:29         20     55.33      0.00     12.18      0.00      0.00     32.49
18:33:29         22      0.00      0.00      0.00      0.00      0.00    100.00

18:33:29        CPU     %user     %nice   %system   %iowait    %steal     %idle
18:33:31          0     54.36      0.00     13.33      0.00      0.00     32.31
18:33:31          2     53.06      0.00     14.29      0.00      0.00     32.65
18:33:31          4     53.03      0.00     14.14      0.00      0.00     32.83
18:33:31          6     55.72      0.00     11.44      0.00      0.00     32.84
18:33:31          8     56.44      0.00     11.88      0.00      0.00     31.68
18:33:31         10     52.79      0.00     14.21      0.00      0.00     32.99
18:33:31         12     57.64      0.00     11.82      0.00      0.00     30.54
18:33:31         14     53.30      0.00     14.21      0.00      0.00     32.49
18:33:31         16     53.23      0.00     14.43      0.00      0.00     32.34
18:33:31         18     58.88      0.00      9.64      0.00      0.00     31.47
18:33:31         20     51.79      0.00     15.38      0.00      0.00     32.82
18:33:31         22      0.00      0.00      0.00      0.00      0.00    100.00

18:33:31        CPU     %user     %nice   %system   %iowait    %steal     %idle
18:33:33          0     54.69      0.00     12.50      0.00      0.00     32.81
18:33:33          2     54.87      0.00     13.33      0.00      0.00     31.79
18:33:33          4     55.33      0.00     12.69      0.00      0.00     31.98
18:33:33          6     56.35      0.00     11.68      0.00      0.00     31.98
18:33:33          8     55.32      0.00     11.17      0.00      0.00     33.51
18:33:33         10     58.21      0.00     10.95      0.00      0.00     30.85
18:33:33         12     51.53      0.00     16.84      0.00      0.00     31.63
18:33:33         14     54.59      0.00     13.27      0.00      0.00     32.14
18:33:33         16     57.79      0.00     11.06      0.00      0.00     31.16
18:33:33         18     53.61      0.00     13.40      0.00      0.00     32.99
18:33:33         20     52.28      0.00     15.23      0.00      0.00     32.49
18:33:33         22      0.00      0.00      0.00      0.00      0.00    100.00

18:33:33        CPU     %user     %nice   %system   %iowait    %steal     %idle
18:33:35          0     53.68      0.00     12.63      0.00      0.00     33.68
18:33:35          2     50.51      0.00     15.82      0.00      0.00     33.67
18:33:35          4     52.33      0.00     15.03      0.00      0.00     32.64
18:33:35          6     53.57      0.00     13.78      0.00      0.00     32.65
18:33:35          8     54.97      0.00     10.99      0.00      0.00     34.03
18:33:35         10     52.06      0.00     13.92      0.00      0.00     34.02
18:33:35         12     54.55      0.00     12.63      0.00      0.00     32.83
18:33:35         14     55.67      0.00     10.31      0.00      0.00     34.02
18:33:35         16     53.23      0.00     13.93      0.00      0.00     32.84
18:33:35         18     58.50      0.00     10.00      0.00      0.00     31.50
18:33:35         20     52.63      0.00     13.68      0.00      0.00     33.68
18:33:35         22      0.00      0.00      0.00      0.00      0.00    100.00

18:33:35        CPU     %user     %nice   %system   %iowait    %steal     %idle
18:33:37          0     56.28      0.00     12.06      0.00      0.00     31.66
18:33:37          2     54.21      0.00     12.11      0.00      0.00     33.68
18:33:37          4     56.19      0.00     11.86      0.00      0.00     31.96
18:33:37          6     55.45      0.00     12.87      0.00      0.00     31.68
18:33:37          8     54.69      0.00     12.50      0.00      0.00     32.81
18:33:37         10     56.85      0.00     10.15      0.00      0.00     32.99
18:33:37         12     56.06      0.00     11.62      0.00      0.00     32.32
18:33:37         14     55.38      0.00     11.79      0.00      0.00     32.82
18:33:37         16     54.92      0.00     12.44      0.00      0.00     32.64
18:33:37         18     53.03      0.00     15.66      0.00      0.00     31.31
18:33:37         20     54.04      0.00     14.14      0.00      0.00     31.82
18:33:37         22      0.00      0.00      0.00      0.00      0.00    100.00

18:33:37        CPU     %user     %nice   %system   %iowait    %steal     %idle
18:33:39          0     53.77      0.00     13.57      0.00      0.00     32.66
18:33:39          2     55.22      0.00     13.43      0.00      0.00     31.34
18:33:39          4     55.39      0.00     13.24      0.00      0.00     31.37
18:33:39          6     53.57      0.00     14.29      0.00      0.00     32.14
18:33:39          8     54.23      0.00     13.43      0.00      0.00     32.34
18:33:39         10     53.77      0.00     14.07      0.00      0.00     32.16
18:33:39         12     53.81      0.00     14.21      0.00      0.00     31.98
18:33:39         14     52.08      0.00     14.58      0.00      0.00     33.33
18:33:39         16     54.82      0.00     13.20      0.00      0.00     31.98
18:33:39         18     53.81      0.00     13.71      0.00      0.00     32.49
18:33:39         20     54.95      0.00     12.87      0.00      0.00     32.18
18:33:39         22      0.00      0.00      0.00      0.00      0.00    100.00

18:33:39        CPU     %user     %nice   %system   %iowait    %steal     %idle
18:33:41          0     55.67      0.00     11.86      0.00      0.00     32.47
18:33:41          2     56.04      0.00     12.56      0.00      0.00     31.40
18:33:41          4     53.19      0.00     12.77      0.00      0.00     34.04
18:33:41          6     55.39      0.00     13.24      0.00      0.00     31.37
18:33:41          8     55.15      0.00     11.34      0.00      0.00     33.51
18:33:41         10     52.06      0.00     14.43      0.00      0.00     33.51
18:33:41         12     56.48      0.00     10.88      0.00      0.00     32.64
18:33:41         14     53.85      0.00     13.85      0.00      0.00     32.31
18:33:41         16     54.23      0.00     14.43      0.00      0.00     31.34
18:33:41         18     53.30      0.00     13.71      0.00      0.00     32.99
18:33:41         20     53.19      0.00     12.23      0.00      0.00     34.57
18:33:41         22      0.00      0.00      0.00      0.00      0.00    100.00

18:33:41        CPU     %user     %nice   %system   %iowait    %steal     %idle
18:33:43          0     52.79      0.00     15.74      0.00      0.00     31.47
18:33:43          2     56.72      0.00     12.44      0.00      0.00     30.85
18:33:43          4     54.04      0.00     14.14      0.00      0.00     31.82
18:33:43          6     55.33      0.00     13.20      0.00      0.00     31.47
18:33:43          8     52.58      0.00     15.98      0.00      0.00     31.44
18:33:43         10     58.29      0.00     10.55      0.00      0.00     31.16
18:33:43         12     56.92      0.00     11.79      0.00      0.00     31.28
18:33:43         14     56.77      0.00     10.94      0.00      0.00     32.29
18:33:43         16     57.29      0.00     12.06      0.00      0.00     30.65
18:33:43         18     58.50      0.00     10.00      0.00      0.00     31.50
18:33:43         20     55.94      0.00     13.37      0.00      0.00     30.69
18:33:43         22      0.00      0.00      0.00      0.00      0.00    100.00

18:33:43        CPU     %user     %nice   %system   %iowait    %steal     %idle
18:33:45          0     56.59      0.00     12.68      0.00      0.00     30.73
18:33:45          2     55.00      0.00     12.50      0.00      0.00     32.50
18:33:45          4     52.53      0.00     14.14      0.00      0.00     33.33
18:33:45          6     51.76      0.00     16.08      0.00      0.00     32.16
18:33:45          8     55.12      0.00     12.68      0.00      0.00     32.20
18:33:45         10     53.61      0.00     12.89      0.00      0.00     33.51
18:33:45         12     49.27      0.00     19.02      0.00      0.00     31.71
18:33:45         14     51.79      0.00     14.36      0.00      0.00     33.85
18:33:45         16     54.77      0.00     12.06      0.00      0.00     33.17
18:33:45         18     53.27      0.00     14.07      0.00      0.00     32.66
18:33:45         20     52.82      0.00     14.36      0.00      0.00     32.82
18:33:45         22      0.00      0.00      0.00      0.00      0.00    100.00

18:33:45        CPU     %user     %nice   %system   %iowait    %steal     %idle
18:33:47          0     55.85      0.00     11.17      0.00      0.00     32.98
18:33:47          2     56.63      0.00     11.73      0.00      0.00     31.63
18:33:47          4     49.21      0.00     17.28      0.00      0.00     33.51
18:33:47          6     56.92      0.00     11.28      0.00      0.00     31.79
18:33:47          8     54.27      0.00     14.07      0.00      0.00     31.66
18:33:47         10     54.92      0.00     11.40      0.00      0.00     33.68
18:33:47         12     52.36      0.00     15.18      0.00      0.00     32.46
18:33:47         14     54.31      0.00     13.71      0.00      0.00     31.98
18:33:47         16     54.46      0.00     14.36      0.00      0.00     31.19
18:33:47         18     53.40      0.00     13.61      0.00      0.00     32.98
18:33:47         20     52.53      0.00     15.15      0.00      0.00     32.32
18:33:47         22      0.00      0.00      0.00      0.00      0.00    100.00

18:33:47        CPU     %user     %nice   %system   %iowait    %steal     %idle
18:33:49          0     54.64      0.00     12.89      0.00      0.00     32.47
18:33:49          2     55.38      0.00     13.85      0.00      0.00     30.77
18:33:49          4     56.35      0.00     11.68      0.00      0.00     31.98
18:33:49          6     58.38      0.00      9.64      0.00      0.00     31.98
18:33:49          8     55.33      0.00     13.20      0.00      0.00     31.47
18:33:49         10     56.06      0.00     12.12      0.00      0.00     31.82
18:33:49         12     56.65      0.00     12.32      0.00      0.00     31.03
18:33:49         14     56.44      0.00     11.88      0.00      0.00     31.68
18:33:49         16     55.33      0.00     13.20      0.00      0.00     31.47
18:33:49         18     56.00      0.00     12.50      0.00      0.00     31.50
18:33:49         20     57.81      0.00     10.42      0.00      0.00     31.77
18:33:49         22      0.00      0.00      0.00      0.00      0.00    100.00

18:33:49        CPU     %user     %nice   %system   %iowait    %steal     %idle
18:33:51          0     55.85      0.00     10.64      0.00      0.00     33.51
18:33:51          2     54.46      0.00     14.85      0.00      0.00     30.69
18:33:51          4     55.78      0.00     12.06      0.00      0.00     32.16
18:33:51          6     55.00      0.00     12.50      0.00      0.00     32.50
18:33:51          8     55.88      0.00     13.73      0.00      0.00     30.39
18:33:51         10     50.76      0.00     16.75      0.00      0.00     32.49
18:33:51         12     55.72      0.00     12.94      0.00      0.00     31.34
18:33:51         14     57.36      0.00     10.15      0.00      0.00     32.49
18:33:51         16     53.06      0.00     14.29      0.00      0.00     32.65
18:33:51         18     54.36      0.00     12.82      0.00      0.00     32.82
18:33:51         20     55.90      0.00     11.79      0.00      0.00     32.31
18:33:51         22      0.00      0.00      0.00      0.00      0.00    100.00

18:33:51        CPU     %user     %nice   %system   %iowait    %steal     %idle
18:33:53          0     54.73      0.00     13.93      0.00      0.00     31.34
18:33:53          2     55.28      0.00     12.56      0.00      0.00     32.16
18:33:53          4     57.43      0.00     10.89      0.00      0.00     31.68
18:33:53          6     52.50      0.00     15.00      0.00      0.00     32.50
18:33:53          8     51.79      0.00     15.38      0.00      0.00     32.82
18:33:53         10     50.53      0.00     14.74      0.00      0.00     34.74
18:33:53         12     56.85      0.00     10.15      0.00      0.00     32.99
18:33:53         14     55.84      0.00     12.18      0.00      0.00     31.98
18:33:53         16     56.22      0.00     11.94      0.00      0.00     31.84
18:33:53         18     54.19      0.00     13.79      0.00      0.00     32.02
18:33:53         20     57.71      0.00     10.95      0.00      0.00     31.34
18:33:53         22      0.00      0.00      0.00      0.00      0.00    100.00

18:33:53        CPU     %user     %nice   %system   %iowait    %steal     %idle
18:33:55          0     53.57      0.00     14.80      0.00      0.00     31.63
18:33:55          2     50.79      0.00     15.71      0.00      0.00     33.51
18:33:55          4     52.31      0.00     14.87      0.00      0.00     32.82
18:33:55          6     56.78      0.00     12.06      0.00      0.00     31.16
18:33:55          8     52.28      0.00     15.23      0.00      0.00     32.49
18:33:55         10     56.72      0.00     11.44      0.00      0.00     31.84
18:33:55         12     54.79      0.00     11.70      0.00      0.00     33.51
18:33:55         14     55.39      0.00     13.73      0.00      0.00     30.88
18:33:55         16     54.82      0.00     12.69      0.00      0.00     32.49
18:33:55         18     55.50      0.00     12.04      0.00      0.00     32.46
18:33:55         20     54.45      0.00     10.99      0.00      0.00     34.55
18:33:55         22      0.00      0.00      0.00      0.00      0.00    100.00

18:33:55        CPU     %user     %nice   %system   %iowait    %steal     %idle
18:33:57          0     55.50      0.00     12.00      0.00      0.00     32.50
18:33:57          2     57.64      0.00     10.84      0.00      0.00     31.53
18:33:57          4     55.21      0.00     10.94      0.00      0.00     33.85
18:33:57          6     54.37      0.00     14.08      0.00      0.00     31.55
18:33:57          8     54.73      0.00     12.94      0.00      0.00     32.34
18:33:57         10     56.93      0.00     10.89      0.00      0.00     32.18
18:33:57         12     50.52      0.00     15.98      0.00      0.00     33.51
18:33:57         14     55.61      0.00     11.22      0.00      0.00     33.16
18:33:57         16     56.59      0.00     10.73      0.00      0.00     32.68
18:33:57         18     54.17      0.00     11.98      0.00      0.00     33.85
18:33:57         20     53.37      0.00     12.44      0.00      0.00     34.20
18:33:57         22      0.00      0.00      0.00      0.00      0.00    100.00

18:33:57        CPU     %user     %nice   %system   %iowait    %steal     %idle
18:33:59          0     54.55      0.00     13.64      0.00      0.00     31.82
18:33:59          2     54.08      0.00     13.78      0.00      0.00     32.14
18:33:59          4     56.12      0.00     11.22      0.00      0.00     32.65
18:33:59          6     57.50      0.00     11.50      0.00      0.00     31.00
18:33:59          8     55.50      0.00     12.50      0.00      0.00     32.00
18:33:59         10     54.92      0.00     11.92      0.00      0.00     33.16
18:33:59         12     54.40      0.00     13.47      0.00      0.00     32.12
18:33:59         14     56.41      0.00     12.82      0.00      0.00     30.77
18:33:59         16     55.28      0.00     13.07      0.00      0.00     31.66
18:33:59         18     55.17      0.00     13.79      0.00      0.00     31.03
18:33:59         20     54.50      0.00     14.00      0.00      0.00     31.50
18:33:59         22      0.00      0.00      0.00      0.00      0.00    100.00

18:33:59        CPU     %user     %nice   %system   %iowait    %steal     %idle
18:34:01          0     54.08      0.00     13.27      0.00      0.00     32.65
18:34:01          2     54.95      0.00     13.86      0.00      0.00     31.19
18:34:01          4     54.12      0.00     12.37      0.00      0.00     33.51
18:34:01          6     56.19      0.00     11.34      0.00      0.00     32.47
18:34:01          8     54.12      0.00     12.89      0.00      0.00     32.99
18:34:01         10     52.79      0.00     14.21      0.00      0.00     32.99
18:34:01         12     53.57      0.00     13.78      0.00      0.00     32.65
18:34:01         14     57.87      0.00      9.64      0.00      0.00     32.49
18:34:01         16     51.49      0.00     16.34      0.00      0.00     32.18
18:34:01         18     54.15      0.00     14.63      0.00      0.00     31.22
18:34:01         20     56.85      0.00     11.17      0.00      0.00     31.98
18:34:01         22      0.00      0.00      0.00      0.00      0.00    100.00

18:34:01        CPU     %user     %nice   %system   %iowait    %steal     %idle
18:34:03          0     56.50      0.00     12.50      0.00      0.00     31.00
18:34:03          2     50.53      0.00     16.32      0.00      0.00     33.16
18:34:03          4     57.44      0.00     11.28      0.00      0.00     31.28
18:34:03          6     52.63      0.00     14.21      0.00      0.00     33.16
18:34:03          8     54.08      0.00     14.29      0.00      0.00     31.63
18:34:03         10     54.17      0.00     13.02      0.00      0.00     32.81
18:34:03         12     56.41      0.00     12.31      0.00      0.00     31.28
18:34:03         14     55.00      0.00     13.50      0.00      0.00     31.50
18:34:03         16     55.67      0.00     11.86      0.00      0.00     32.47
18:34:03         18     53.30      0.00     14.21      0.00      0.00     32.49
18:34:03         20     54.27      0.00     14.07      0.00      0.00     31.66
18:34:03         22      8.59      0.00      0.51      0.00      0.00     90.91

18:34:03        CPU     %user     %nice   %system   %iowait    %steal     %idle
18:34:05          0     55.98      0.00     12.92      0.00      0.00     31.10
18:34:05          2     52.55      0.00     15.31      0.00      0.00     32.14
18:34:05          4     55.61      0.00     12.24      0.00      0.00     32.14
18:34:05          6     54.40      0.00     12.95      0.00      0.00     32.64
18:34:05          8     56.93      0.00     11.88      0.00      0.00     31.19
18:34:05         10     52.74      0.00     14.93      0.00      0.00     32.34
18:34:05         12     54.00      0.00     14.00      0.00      0.00     32.00
18:34:05         14     56.28      0.00     12.06      0.00      0.00     31.66
18:34:05         16     51.01      0.00     17.17      0.00      0.00     31.82
18:34:05         18     55.45      0.00     12.38      0.00      0.00     32.18
18:34:05         20     52.79      0.00     14.21      0.00      0.00     32.99
18:34:05         22      0.00      0.00      0.00      0.00      0.00    100.00

18:34:05        CPU     %user     %nice   %system   %iowait    %steal     %idle
18:34:07          0     53.77      0.00     15.08      0.00      0.00     31.16
18:34:07          2     54.15      0.00     15.61      0.00      0.00     30.24
18:34:07          4     53.73      0.00     13.93      0.00      0.00     32.34
18:34:07          6     53.81      0.00     13.20      0.00      0.00     32.99
18:34:07          8     55.78      0.00     11.56      0.00      0.00     32.66
18:34:07         10     55.61      0.00     12.24      0.00      0.00     32.14
18:34:07         12     53.61      0.00     13.92      0.00      0.00     32.47
18:34:07         14     58.33      0.00     11.27      0.00      0.00     30.39
18:34:07         16     56.28      0.00     11.06      0.00      0.00     32.66
18:34:07         18     55.10      0.00     12.76      0.00      0.00     32.14
18:34:07         20     55.67      0.00     11.34      0.00      0.00     32.99
18:34:07         22      0.00      0.00      0.00      0.00      0.00    100.00

18:34:07        CPU     %user     %nice   %system   %iowait    %steal     %idle
18:34:09          0     56.72      0.00     12.44      0.00      0.00     30.85
18:34:09          2     52.79      0.00     14.72      0.00      0.00     32.49
18:34:09          4     53.61      0.00     13.92      0.00      0.00     32.47
18:34:09          6     53.50      0.00     15.00      0.00      0.00     31.50
18:34:09          8     56.28      0.00     12.06      0.00      0.00     31.66
18:34:09         10     54.82      0.00     12.18      0.00      0.00     32.99
18:34:09         12     56.72      0.00     11.94      0.00      0.00     31.34
18:34:09         14     56.19      0.00     10.82      0.00      0.00     32.99
18:34:09         16     57.00      0.00     10.50      0.00      0.00     32.50
18:34:09         18     56.06      0.00     12.12      0.00      0.00     31.82
18:34:09         20     54.92      0.00     11.92      0.00      0.00     33.16
18:34:09         22      0.00      0.00      0.00      0.00      0.00    100.00

Average:        CPU     %user     %nice   %system   %iowait    %steal     %idle
Average:          0     54.79      0.00     13.17      0.00      0.00     32.04
Average:          2     54.36      0.00     13.67      0.00      0.00     31.97
Average:          4     54.47      0.00     13.17      0.00      0.00     32.37
Average:          6     54.94      0.00     13.06      0.00      0.00     32.00
Average:          8     54.48      0.00     13.26      0.00      0.00     32.26
Average:         10     54.43      0.00     12.88      0.00      0.00     32.69
Average:         12     54.65      0.00     13.27      0.00      0.00     32.07
Average:         14     55.31      0.00     12.39      0.00      0.00     32.30
Average:         16     54.11      0.00     13.53      0.00      0.00     32.36
Average:         18     54.61      0.00     13.01      0.00      0.00     32.37
Average:         20     54.42      0.00     13.20      0.00      0.00     32.38
Average:         22      0.28      0.00      0.02      0.00      0.00     99.70
