timestamp,kw_lengh,took_ms
1537052672,3,58
1537052673,3,322
1537052674,2,84
1537052676,1,26
1537052677,5,269
1537052678,3,525
1537052680,4,520
1537052681,3,63
1537052682,2,92
1537052683,1,188
1537052685,3,389
1537052686,4,82
1537052687,2,73
1537052688,4,174
1537052690,3,424
1537052691,3,95
1537052692,4,454
1537052694,1,340
1537052695,3,67
1537052696,1,174
1537052697,3,60
1537052698,4,162
1537052700,7,386
1537052701,2,145
1537052703,15,1394
1537052704,1,23
1537052706,5,364
1537052707,16,581
1537052708,2,36
1537052710,3,94
1537052711,1,326
1537052712,2,49
1537052714,5,998
1537052715,1,23
1537052716,1,84
1537052718,6,229
1537052719,1,19
1537052720,3,179
1537052721,1,319
1537052722,4,71
1537052723,2,42
1537052724,2,110
1537052726,2,504
1537052727,2,338
1537052729,1,92
1537052730,3,100
1537052731,2,38
1537052732,4,154
1537052733,2,254
1537052734,3,108
1537052736,1,306
1537052737,3,485
1537052739,3,500
1537052740,2,212
1537052741,3,109
1537052742,3,271
1537052744,1,28
1537052745,1,205
1537052746,3,206
1537052747,1,363
1537052749,3,150
1537052750,4,798
1537052752,2,844
1537052753,2,90
1537052755,3,203
1537052756,1,28
1537052757,3,536
1537052759,2,518
1537052760,4,378
1537052761,1,27
1537052763,6,397
1537052764,2,94
1537052765,3,222
1537052766,1,22
1537052768,2,481
1537052769,2,148
1537052770,2,138
1537052771,5,328
1537052773,3,79
1537052774,2,298
1537052775,3,226
1537052777,3,704
1537052778,1,184
1537052779,1,196
1537052780,3,54
1537052782,2,97
1537052783,4,581
1537052784,1,30
1537052786,2,588
1537052787,1,28
1537052788,2,65
1537052790,6,612
1537052791,3,285
1537052792,3,202
1537052794,2,422
1537052795,3,525
1537052797,5,498
1537052798,1,22
1537052799,1,27
1537052801,2,656
1537052802,6,784
1537052804,5,376
1537052805,1,26
1537052806,3,196
1537052808,16,928
1537052810,4,461
1537052811,3,445
1537052812,6,189
1537052814,2,144
1537052815,6,728
1537052817,2,104
1537052818,1,22
1537052819,4,101
1537052820,6,118
1537052822,15,785
1537052823,4,231
1537052824,2,171
1537052826,3,447
1537052827,7,611
1537052829,3,176
1537052830,7,753
1537052832,2,75
1537052833,3,100
1537052834,2,658
1537052836,2,507
1537052837,4,139
1537052839,7,527
1537052840,3,83
1537052841,11,781
1537052843,3,117
1537052844,4,272
1537052846,14,1384
1537052848,7,942
1537052850,2,453
1537052851,4,124
1537052852,2,309
1537052854,2,656
1537052855,3,174
1537052857,3,892
1537052858,3,225
1537052860,3,411
1537052861,3,426
1537052863,2,266
1537052864,4,637
1537052865,2,49
1537052867,3,118
1537052868,3,41
1537052869,6,234
1537052871,3,468
1537052872,1,41
1537052873,4,575
1537052874,1,27
1537052875,3,122
1537052877,2,70
1537052878,3,378
1537052879,3,153
1537052880,2,59
1537052881,2,79
1537052883,3,425
1537052884,3,243
1537052885,1,58
1537052886,2,53
1537052888,14,703
1537052889,3,190
1537052890,4,95
1537052892,5,227
1537052893,2,477
1537052895,3,371
1537052896,2,69
1537052897,1,10
1537052898,3,367
1537052899,2,146
1537052900,1,112
1537052902,1,176
1537052903,3,261
1537052904,2,134
1537052906,12,609
1537052907,4,470
1537052908,1,27
1537052910,3,89
1537052912,17,1095
1537052913,4,209
1537052914,3,69
1537052915,4,313
1537052916,2,52
1537052918,2,511
1537052919,3,255
1537052921,1,151
1537052922,1,31
1537052923,2,39
1537052924,1,32
1537052925,1,84
1537052926,3,561
1537052928,2,139
1537052929,7,473
1537052930,4,240
1537052932,3,282
1537052933,5,228
1537052935,6,544
1537052936,2,152
1537052937,7,223
1537052939,4,591
1537052940,5,396
1537052941,1,29
1537052943,2,526
1537052945,7,695
1537052946,13,276
1537052947,2,70
1537052948,4,510
1537052950,3,274
1537052951,6,307
1537052953,16,837
1537052954,3,135
1537052955,5,282
1537052957,2,152
1537052958,3,245
1537052959,1,84
1537052960,1,17
1537052961,1,26
1537052962,6,290
1537052964,1,271
1537052965,3,155
1537052967,3,700
1537052968,5,183
1537052969,1,30
1537052970,3,163
1537052971,2,107
1537052973,3,174
1537052974,4,451
1537052975,4,315
1537052976,1,55
1537052978,6,532
1537052979,2,357
1537052981,3,229
1537052982,15,306
1537052983,3,169
1537052985,2,45
1537052986,1,50
1537052987,6,141
1537052988,1,36
1537052989,1,141
1537052990,3,37
1537052992,5,327
1537052993,1,24
1537052994,3,481
1537052995,3,198
1537052997,6,634
1537052999,4,705
1537053000,3,114
1537053001,3,447
1537053003,6,838
1537053005,1,162
1537053006,1,219
1537053007,1,185
1537053008,2,404
1537053010,4,177
1537053012,5,818
1537053013,4,168
1537053014,1,45
1537053015,4,207
1537053017,16,1006
1537053018,3,316
1537053020,5,64
1537053021,3,510
1537053023,4,387
1537053024,2,149
1537053025,3,34
1537053026,3,71
1537053027,1,136
1537053028,2,178
1537053029,1,18
1537053031,2,261
1537053033,7,965
1537053034,2,348
1537053036,5,926
1537053037,3,59
1537053038,4,143
1537053039,1,27
1537053041,12,1045
1537053043,2,35
1537053044,3,164
1537053045,2,123
1537053046,4,148
1537053048,6,670
1537053049,7,465
1537053051,4,273
1537053052,2,93
1537053053,3,59
1537053054,2,237
1537053055,4,313
1537053057,7,230
1537053058,2,44
1537053059,2,92
1537053060,1,106
1537053061,1,41
1537053062,3,260
1537053064,2,98
1537053065,1,146
1537053066,3,292
1537053067,1,20
1537053068,1,176
1537053069,1,32
1537053071,1,224
1537053072,1,19
1537053073,4,96
1537053074,1,42
1537053075,2,39
1537053076,5,381
1537053078,2,412
1537053079,3,528
1537053081,3,434
1537053083,16,967
1537053084,4,320
1537053085,2,160
1537053087,4,336
1537053088,3,54
1537053089,1,181
1537053090,6,345
1537053092,1,256
1537053093,1,17
1537053094,4,233
1537053096,7,713
1537053097,3,570
1537053098,1,23
1537053100,1,32
1537053101,1,37
1537053102,4,95
1537053103,1,23
1537053104,5,279
1537053106,7,368
1537053107,3,251
1537053108,6,530
1537053110,3,147
1537053111,6,854
1537053113,4,151
1537053114,3,172
1537053115,3,171
1537053116,1,308
1537053117,3,122
1537053119,2,80
1537053120,3,390
1537053121,2,454
1537053123,2,570
1537053124,1,84
1537053125,2,222
1537053127,2,257
1537053128,3,43
1537053129,1,236
1537053130,3,321
1537053131,1,35
1537053133,4,957
1537053135,1,21
1537053136,3,242
1537053137,4,361
1537053139,4,572
1537053140,7,501
1537053142,3,777
1537053143,4,142
1537053144,1,24
1537053146,3,327
1537053147,1,29
1537053148,3,218
1537053149,1,138
1537053151,2,509
1537053152,3,287
1537053153,1,29
1537053155,11,578
1537053156,1,33
1537053157,1,126
1537053158,5,82
1537053159,4,397
1537053161,4,98
1537053162,2,163
1537053163,2,53
1537053164,6,127
1537053165,3,111
1537053166,4,234
1537053168,1,122
1537053169,2,57
1537053170,1,208
1537053171,4,454
1537053173,12,839
1537053175,3,440
1537053176,5,445
1537053177,2,231
1537053179,5,345
1537053180,3,655
1537053182,3,165
1537053183,1,534
1537053185,3,752
1537053186,4,279
1537053188,3,181
1537053189,2,176
1537053190,2,41
1537053191,2,33
1537053192,2,264
1537053193,3,115
1537053194,2,51
1537053195,1,23
1537053196,2,48
1537053198,2,155
1537053199,1,36
1537053200,2,54
1537053201,3,98
1537053203,4,559
1537053204,4,424
1537053205,4,511
1537053207,1,33
1537053208,2,283
1537053209,3,173
1537053210,5,370
1537053212,6,607
1537053214,3,489
1537053215,3,53
1537053216,2,469
1537053218,1,547
1537053219,4,500
1537053220,3,44
1537053223,12,1229
1537053224,1,162
1537053225,4,382
1537053227,7,274
1537053228,1,40
1537053229,3,482
1537053230,2,50
1537053231,1,39
1537053233,1,159
1537053234,2,371
1537053235,3,162
1537053236,3,110
1537053237,1,40
1537053238,2,121
1537053240,4,682
1537053241,1,147
1537053243,17,953
1537053244,1,23
1537053246,3,211
1537053247,3,238
1537053248,2,395
1537053249,1,33
1537053250,2,58
1537053252,3,383
1537053253,3,66
1537053254,4,420
1537053256,4,232
1537053257,4,115
1537053258,1,221
1537053259,3,47
1537051606,4,1942
1537051607,3,428
1537051609,3,281
1537051610,4,604
1537051612,4,328
1537051613,3,375
1537051615,2,305
1537051616,7,436
1537051617,3,218
1537051618,2,155
1537051620,4,312
1537051621,7,266
1537051623,4,446
1537051624,2,174
1537051626,6,759
1537051627,4,202
1537051628,3,269
1537051630,2,374
1537051631,2,592
1537051632,1,153
1537051634,1,333
1537051635,3,539
1537051637,3,394
1537051638,2,295
1537051639,1,31
1537051641,6,488
1537051642,2,285
1537051644,2,612
1537051645,3,62
1537051646,2,267
1537051648,17,824
1537051649,1,366
1537051651,1,526
1537051652,2,57
1537051653,5,349
1537051655,2,89
1537051656,2,288
1537051657,4,165
1537051658,1,337
1537051659,3,65
1537051661,3,276
1537051662,2,55
1537051664,5,699
1537051665,5,83
1537051666,5,365
1537051668,6,859
1537051669,2,306
1537051671,2,126
1537051672,5,840
1537051674,1,126
1537051675,5,565
1537051676,1,32
1537051678,3,266
1537051679,3,146
1537051681,4,746
1537051682,2,359
1537051684,15,1070
1537051685,1,268
1537051687,3,631
1537051689,7,740
1537051690,1,24
1537051691,1,217
1537051693,12,692
1537051694,1,184
1537051695,3,85
1537051696,2,119
1537051698,4,327
1537051699,3,253
1537051700,1,259
1537051702,3,726
1537051703,2,52
1537051704,1,31
1537051706,4,188
1537051707,4,638
1537051708,3,165
1537051710,4,262
1537051711,2,50
1537051712,6,492
1537051714,3,391
1537051715,2,212
1537051716,3,257
1537051717,2,53
1537051719,7,194
1537051721,17,1225
1537051722,4,161
1537051723,1,454
1537051725,2,244
1537051726,1,159
1537051727,2,374
1537051729,4,619
1537051730,3,192
1537051731,1,189
1537051733,5,558
1537051734,4,93
1537051735,6,148
1537051736,4,66
1537051737,1,31
1537051739,2,239
1537051740,3,548
1537051741,1,104
1537051743,4,359
1537051744,4,275
1537051746,2,553
1537051748,2,822
1537051749,2,88
1537051750,1,94
1537051751,2,188
1537051752,1,25
1537051753,3,58
1537051754,3,284
1537051756,6,334
1537051758,11,1181
1537051759,4,87
1537051760,4,96
1537051762,7,377
1537051763,2,117
1537051764,3,255
1537051766,6,682
1537051767,4,597
1537051769,4,71
1537051770,2,376
1537051771,3,58
1537051772,2,37
1537051773,1,23
1537051775,12,818
1537051776,4,144
1537051778,2,274
1537051779,14,682
1537051781,3,915
1537051783,4,409
1537051784,1,297
1537051785,1,214
1537051786,2,41
1537051788,1,293
1537051789,1,36
1537051790,2,302
1537051791,2,204
1537051793,3,164
1537051794,1,28
1537051795,2,35
1537051796,2,244
1537051798,14,776
1537051799,3,233
1537051800,1,108
1537051802,4,406
1537051803,2,101
1537051804,5,595
1537051805,1,35
1537051807,2,517
1537051808,2,48
1537051810,4,440
1537051811,1,259
1537051812,2,390
1537051814,5,654
1537051816,16,1328
1537051818,3,264
1537051820,3,831
1537051821,4,646
1537051822,3,176
1537051824,5,500
1537051825,3,160
1537051826,1,82
1537051828,2,390
1537051829,2,55
1537051830,1,30
1537051831,2,44
1537051832,2,87
1537051833,6,402
1537051835,4,103
1537051836,1,276
1537051837,2,56
1537051838,2,39
1537051839,5,326
1537051841,3,187
1537051842,5,101
1537051843,2,168
1537051844,3,184
1537051845,4,61
1537051847,7,490
1537051848,3,633
1537051849,2,45
1537051851,2,58
1537051852,6,437
1537051853,1,356
1537051855,2,95
1537051856,5,482
1537051857,5,246
1537051859,3,166
1537051861,17,1014
1537051862,3,73
1537051863,1,34
1537051864,1,44
1537051865,3,288
1537051867,3,316
1537051869,7,883
1537051870,2,434
1537051872,2,395
1537051873,3,377
1537051874,5,314
1537051876,4,513
1537051878,5,908
1537051879,3,501
1537051880,2,44
1537051881,1,101
1537051883,2,44
1537051884,3,66
1537051885,6,424
1537051886,4,103
1537051887,3,178
1537051889,1,289
1537051890,12,297
1537051892,1,450
1537051893,3,168
1537051894,5,452
1537051895,1,29
1537051896,1,63
1537051898,5,354
1537051899,2,85
1537051900,4,493
1537051901,2,66
1537051903,2,404
1537051904,3,528
1537051906,4,322
1537051907,2,478
1537051908,4,155
1537051910,1,26
1537051911,1,93
1537051912,1,265
1537051913,1,32
1537051915,3,503
1537051916,1,8
1537051917,1,316
1537051919,4,691
1537051920,3,440
1537051921,3,61
1537051923,3,557
1537051924,4,469
1537051925,1,8
1537051926,2,41
1537051928,1,269
1537051929,3,110
1537051930,2,50
1537051931,4,127
1537051933,4,844
1537051934,1,19
1537051935,6,428
1537051937,1,23
1537051938,4,368
1537051939,2,113
1537051940,2,107
1537051942,5,716
1537051943,2,301
1537051945,5,541
1537051946,4,505
1537051948,4,560
1537051950,3,716
1537051952,4,952
1537051953,2,375
1537051954,3,162
1537051956,1,178
1537051957,1,121
1537051958,4,149
1537051959,2,103
1537051960,1,21
1537051962,5,562
1537051963,3,39
1537051964,2,59
1537051966,16,1041
1537051967,1,95
1537051968,1,24
1537051970,1,322
1537051971,5,174
1537051972,4,141
1537051974,3,944
1537051976,11,1093
1537051978,7,335
1537051980,11,862
1537051981,3,394
1537051982,3,56
1537051983,1,74
1537051985,2,261
1537051986,1,22
1537051987,2,136
1537051988,1,30
1537051989,1,405
1537051990,3,52
1537051992,5,592
1537051993,3,93
1537051994,3,63
1537051996,2,560
1537051997,1,308
1537051999,4,468
1537052000,1,30
1537052001,3,325
1537052003,7,606
1537052004,3,366
1537052005,2,112
1537052006,3,46
1537052007,1,36
1537052008,2,65
1537052010,3,249
1537052011,4,162
1537052012,2,168
1537052013,1,77
1537052015,3,655
1537052016,6,170
1537052017,3,300
1537052018,1,23
1537052020,1,36
1537052021,4,715
1537052022,1,137
1537052023,1,21
1537052025,1,24
1537052026,2,241
1537052027,3,63
1537052028,2,300
1537052029,3,78
1537052031,2,471
1537052032,1,155
1537052033,1,29
1537052034,1,31
1537052036,5,826
1537052037,2,249
1537052039,1,327
1537052040,3,62
1537052041,1,441
1537052042,3,139
1537052044,2,363
1537052045,4,398
1537052046,1,21
1537052048,1,334
1537052049,6,597
1537052051,5,824
1537052052,1,19
1537052053,4,68
1537052055,5,393
1537052056,4,314
1537052057,2,67
1537052059,2,535
1537052060,3,639
1537052062,1,265
1537052063,1,219
1537052064,6,565
1537052066,5,439
1537052067,1,297
1537052068,1,24
1537052069,1,21
1537052071,4,700
1537052073,4,517
1537052074,2,70
1537052076,7,659
1537052077,3,164
1537052078,4,240
1537052079,2,130
1537052081,14,1136
1537052083,5,430
1537052084,2,55
1537052085,2,279
1537052086,2,61
1537052087,3,125
1537052088,4,82
1537052091,15,962
1537052092,1,200
1537052093,2,188
1537052094,3,87
1537052096,4,483
1537052097,3,322
1537052098,2,49
1537052100,2,631
1537052101,2,47
1537052102,6,359
1537052103,1,92
1537052105,3,257
1537052106,1,155
1537052107,4,262
1537052108,6,167
1537052110,2,475
1537052111,2,38
1537052112,2,364
1537052114,1,379
1537052115,3,546
1537052117,3,587
1537052118,2,63
1537052119,1,26
1537052121,17,565
1537052123,4,542
1537052124,15,458
1537052125,2,314
1537052126,1,25
1537052128,3,361
1537052129,1,32
1537052131,3,800
1537052132,2,48
1537052133,3,253
1537052134,5,293
1537052136,2,103
1537052137,2,241
1537052138,2,167
1537052140,2,807
1537052141,1,27
1537052142,1,128
1537052143,1,89
1537052145,5,559
1537052147,3,617
1537052148,1,169
1537052149,4,105
1537052150,2,209
1537052151,1,247
1537052152,2,41
1537052154,1,481
1537052155,3,73
1537052157,5,535
1537052158,2,222
1537052159,4,135
1537052160,1,246
1537052161,4,135
1537052163,1,14
1537052164,4,134
1537052165,2,449
1537052167,2,448
1537052168,3,95
1537052169,2,39
1537052170,2,284
1537052171,3,184
1537052173,3,305
1537052174,3,560
1537052176,3,502
1537052177,3,198
1537052179,4,382
1537052180,1,19
1537052181,2,395
1537052182,2,296
1537052184,5,235
1537052185,3,290
1537052187,1,844
1537052188,5,535
1537052190,1,233
1537052191,2,95
1537052192,1,44
1537052193,3,139
1537052194,1,177
1537052195,1,73
1537052197,11,991
1537052198,3,35
1537052200,3,406
1537052201,4,551
1537052203,4,487
1537052204,1,32
1537052206,5,476
1537052207,1,29
1537052208,3,145
1537052209,3,182
1537052210,4,354
1537052212,7,819
1537052214,2,539
1537052215,1,119
1537052216,2,56
1537052217,1,91
1537052218,2,42
1537052219,4,150
1537052221,3,118
1537052222,2,123
1537052223,4,401
1537052224,3,96
1537052226,1,167
1537052227,1,26
1537052228,2,194
1537052229,1,44
1537052230,3,75
1537052231,2,64
1537052232,1,56
1537052233,2,62
1537052235,4,206
1537052236,4,55
1537052237,1,30
1537052238,6,492
1537052239,4,203
1537052241,4,418
1537052242,3,433
1537052244,5,284
1537052245,6,564
1537052247,2,140
1537052248,2,183
1537052249,12,652
1537052251,2,165
1537052252,1,42
1537052253,11,665
1537052254,2,45
1537052256,1,154
1537052257,3,471
1537052258,1,25
1537052259,1,42
1537052261,4,238
1537052262,2,200
1537052263,1,92
1537052265,5,570
1537052266,2,470
1537052267,3,76
1537052268,2,272
1537052270,4,64
1537052271,2,166
1537052272,3,78
1537052273,1,40
1537052274,3,520
1537052276,2,40
1537052278,13,1184
1537052279,4,135
1537052280,1,95
1537052282,3,685
1537052283,3,493
1537052285,2,282
1537052286,1,36
1537052287,2,232
1537052288,1,423
1537052290,7,500
1537052291,2,398
1537052292,1,30
1537052294,4,639
1537052295,2,101
1537052297,3,377
1537052299,11,1279
1537052300,1,25
1537052302,2,541
1537052303,3,224
1537052304,1,37
1537052305,1,26
1537052306,2,213
1537052308,16,998
1537052309,1,30
1537052311,15,646
1537052312,1,39
1537052313,3,46
1537052315,7,843
1537052317,1,715
1537052318,1,28
1537052320,1,499
1537052321,1,209
1537052322,2,212
1537052323,1,38
1537052325,3,529
1537052326,2,118
1537052327,2,458
1537052329,3,140
1537052330,2,152
1537052331,1,32
1537052332,1,165
1537052333,4,161
1537052335,5,341
1537052336,4,629
1537052338,4,689
1537052339,2,291
1537052340,2,65
1537052341,1,26
1537052343,3,73
1537052344,2,62
1537052345,5,81
1537052347,13,881
1537052348,1,331
1537052349,1,35
1537052350,2,219
1537052352,3,478
1537052354,16,964
1537052355,1,144
1537052356,3,213
1537052358,4,465
1537052359,2,231
1537052360,3,381
1537052361,1,20
1537052363,2,86
1537052364,1,250
1537052365,2,426
1537052367,7,788
1537052368,1,34
1537052369,1,23
1537052371,1,283
1537052372,3,62
1537052373,3,553
1537052375,7,695
1537052377,13,560
1537052378,1,23
1537052379,2,109
1537052380,2,48
1537052381,6,283
1537052382,2,54
1537052383,1,26
1537052384,3,41
1537052386,4,335
1537052387,2,258
1537052388,3,139
1537052390,5,360
1537052391,2,369
1537052392,3,293
1537052394,1,48
1537052395,6,360
1537052396,1,26
1537052397,1,134
1537052399,5,341
1537052400,1,25
1537052401,3,363
1537052402,1,19
1537052403,3,76
1537052405,5,563
1537052406,1,49
1537052407,2,303
1537052408,2,137
1537052410,5,331
1537052411,6,268
1537052413,13,849
1537052414,5,156
1537052416,2,561
1537052417,6,230
1537052418,4,110
1537052420,2,673
1537052421,3,193
1537052422,2,78
1537052424,3,626
1537052425,4,191
1537052426,2,426
1537052428,3,53
1537052429,3,218
1537052430,2,212
1537052431,3,65
1537052432,1,173
1537052434,4,572
1537052435,1,33
1537052436,1,264
1537052438,3,313
1537052439,2,284
1537052440,3,378
1537052441,3,88
1537052443,1,34
1537052444,2,189
1537052445,4,544
1537052447,4,397
1537052448,2,59
1537052449,3,153
1537052451,17,900
1537052452,6,283
1537052453,3,66
1537052455,3,634
1537052456,1,29
1537052458,2,584
1537052459,4,298
1537052460,1,213
1537052462,4,207
1537052463,1,131
1537052464,3,56
1537052465,3,139
1537052466,2,440
1537052468,2,365
1537052469,3,201
1537052470,1,67
1537052472,3,444
1537052473,1,20
1537052474,5,332
1537052475,3,211
1537052476,2,23
1537052478,2,305
1537052479,1,118
1537052480,1,34
1537052482,6,801
1537052483,1,40
1537052484,6,194
1537052486,2,441
1537052487,1,116
1537052488,4,555
1537052490,1,447
1537052491,4,87
1537052492,1,30
1537052494,4,800
1537052495,2,69
1537052496,3,65
1537052497,2,158
1537052498,1,31
1537052499,1,27
1537052501,2,459
1537052503,16,1194
1537052504,1,165
1537052505,2,47
1537052507,4,355
1537052508,2,62
1537052509,3,62
1537052510,7,327
1537052512,5,523
1537052514,4,629
1537052515,4,181
1537052516,3,201
1537052517,2,53
1537052519,11,394
1537052520,1,76
1537052521,4,486
1537052523,4,516
1537052525,12,899
1537052526,3,291
1537052528,14,944
1537052530,5,477
1537052531,1,197
1537052532,2,275
1537052533,3,166
1537052535,2,553
1537052537,11,1190
1537052538,5,163
1537052540,7,116
1537052541,1,246
1537052543,7,868
1537052544,4,575
1537052545,2,43
1537052547,1,157
1537052548,4,446
1537052549,3,109
1537052551,5,828
1537052552,5,182
1537052554,3,371
1537052555,3,68
1537052556,4,353
1537052557,2,29
1537052559,13,496
1537052560,2,46
1537052561,3,441
1537052563,2,547
1537052565,3,564
1537052566,7,561
1537052568,1,298
1537052569,4,262
1537052570,2,102
1537052572,1,515
1537052573,2,41
1537052574,1,36
1537052575,2,364
1537052577,2,480
1537052578,4,274
1537052579,1,27
1537052580,4,336
1537052581,1,37
1537052583,6,428
1537052584,5,413
1537052585,3,90
1537052587,3,513
1537052588,1,32
1537052589,2,37
1537052591,4,404
1537052592,4,72
1537052593,4,259
1537052594,1,26
1537052595,2,152
1537052596,2,238
1537052598,3,225
1537052599,5,117
1537052600,2,220
1537052601,1,137
1537052603,3,384
1537052604,1,194
1537052605,2,311
1537052607,2,221
1537052608,3,346
1537052609,1,227
1537052611,2,259
1537052612,2,30
1537052613,3,221
1537052614,3,50
1537052615,1,31
1537052618,17,1261
1537052619,3,40
1537052620,3,59
1537052621,1,254
1537052622,5,467
1537052624,1,20
1537052625,3,377
1537052626,4,208
1537052627,2,59
1537052629,13,1148
1537052631,3,112
1537052632,1,224
1537052633,2,331
1537052634,1,126
1537052635,1,27
1537052637,3,695
1537052639,16,645
1537052640,3,279
1537052642,4,804
1537052644,1,496
1537052645,1,145
1537052646,3,209
1537052647,1,200
1537052649,3,342
1537052651,12,872
1537052652,1,24
1537052653,1,432
1537052654,1,23
1537052655,2,211
1537052656,2,51
1537052658,2,67
1537052659,2,106
1537052660,1,36
1537052661,3,126
1537052662,4,148
1537052663,6,316
1537052665,2,425
1537052666,1,288
1537052668,14,665
1537052670,2,561
1537052671,2,316
