timestamp,kw_lengh,took_ms
1536600459,1,31
1536600460,1,21
1536600461,1,31
1536600462,1,37
1536600468,2,5435
1536600469,1,57
1536600470,2,51
1536600471,2,82
1536600472,1,38
1536600474,2,344
1536600475,2,55
1536600476,2,25
1536600477,1,30
1536600478,2,45
1536600479,2,72
1536600481,2,463
1536600482,1,17
1536600483,2,40
1536600484,1,21
1536600485,1,27
1536600486,2,61
1536600487,1,21
1536600488,2,57
1536600489,1,30
1536600490,1,31
1536600491,1,23
1536600492,2,35
1536600494,2,463
1536600495,1,69
1536600496,2,271
1536600498,2,180
1536600499,2,31
1536600500,2,110
1536600501,2,184
1536600502,2,59
1536600503,2,76
1536600504,1,38
1536600506,1,153
1536600507,2,40
1536600508,2,338
1536600509,2,304
1536600511,1,235
1536600512,2,77
1536600513,2,356
1536600514,1,39
1536600515,2,67
1536600517,2,335
1536600518,1,53
1536600519,1,23
1536600520,2,229
1536600521,1,260
1536600523,2,209
1536600524,1,19
1536600525,1,69
1536600526,2,46
1536600527,1,39
1536600528,1,30
1536600529,1,26
1536600530,2,52
1536600531,1,20
1536600532,1,16
1536600533,2,50
1536600534,2,32
1536600535,2,52
1536600537,1,21
1536600538,2,68
1536600539,2,45
1536600540,2,46
1536600541,1,21
1536600542,1,29
1536600543,2,50
1536600544,2,233
1536600545,2,44
1536600547,1,207
1536600548,2,79
1536600549,2,49
1536600550,2,69
1536600551,2,478
1536600552,1,17
1536600553,1,34
1536600554,1,31
1536600556,1,204
1536600557,1,72
1536600558,1,25
1536600559,1,343
1536600560,2,39
1536600561,2,40
1536600563,2,446
1536600564,1,20
1536600565,2,38
1536600566,1,24
1536600567,1,45
1536600568,2,22
1536600569,2,44
1536600570,2,42
1536600571,2,40
1536600573,1,286
1536600574,1,21
1536600575,2,111
1536600576,1,26
1536600577,2,36
1536600578,1,24
1536600579,1,213
1536600580,2,80
1536600581,1,18
1536600582,1,28
1536600584,2,46
1536600585,1,29
1536600586,1,38
1536600587,1,311
1536600588,2,50
1536600589,1,122
1536600590,1,19
1536600591,2,61
1536600592,1,48
1536600594,1,22
1536600595,1,18
1536600596,2,89
1536600597,1,30
1536600598,1,16
1536600599,1,211
1536600600,1,22
1536600601,2,59
1536600602,2,51
1536600603,2,49
1536600605,2,399
1536600606,2,45
1536600607,1,20
1536600608,2,133
1536600609,1,262
1536600611,2,164
1536600612,2,57
1536600613,1,7
1536600614,1,26
1536600615,1,21
1536600617,2,613
1536600618,1,339
1536600619,1,24
1536600620,1,239
1536600621,1,14
1536600622,2,32
1536600623,2,59
1536600625,2,225
1536600626,1,222
1536600627,2,223
1536600628,2,50
1536600629,2,38
1536600630,2,48
1536600632,1,23
1536600633,2,91
1536600634,1,21
1536600635,1,26
1536600636,2,107
1536600637,2,60
1536600638,2,231
1536600639,2,42
1536600640,1,23
1536600641,2,87
1536600643,2,90
1536600644,2,238
1536600645,2,58
1536600646,2,31
1536600647,1,39
1536600648,2,380
1536600650,2,172
1536600651,2,41
1536600652,2,206
1536600653,2,35
1536600654,2,66
1536600655,1,28
1536600657,1,313
1536600658,1,25
1536600659,1,25
1536600660,2,58
1536600661,1,191
1536600662,2,76
1536600663,2,60
1536600664,1,32
1536600666,2,223
1536600667,1,38
1536600668,1,24
1536600669,1,171
1536600671,2,611
1536600672,2,86
1536600673,2,96
1536600674,2,79
1536600675,1,313
1536600677,1,210
1536600678,1,25
1536600679,1,24
1536600680,1,31
1536600681,1,51
1536600682,1,34
1536600683,1,277
1536600684,1,41
1536600685,2,46
1536600687,1,292
1536600688,2,273
1536600690,2,794
1536600691,1,21
1536600692,1,17
1536600693,1,29
1536600694,1,37
1536600695,2,278
1536600696,2,52
1536600698,1,22
1536600699,1,46
1536600700,2,433
1536600701,1,21
1536600702,1,35
1536600703,1,20
1536600704,2,63
1536600705,2,45
1536600707,1,24
1536600708,1,30
1536600709,1,26
1536600710,1,226
1536600711,1,24
1536600712,2,425
1536600714,2,34
1536600715,1,17
1536600716,2,39
1536600717,1,31
1536600718,2,65
1536600719,1,32
1536600720,2,419
1536600722,1,309
1536600723,2,38
1536600724,1,24
1536600725,1,28
1536600726,2,77
1536600727,2,55
1536600728,1,220
1536600729,2,53
1536600731,2,50
1536600732,2,74
1536600733,2,71
1536600734,1,24
1536600735,1,29
1536600736,2,255
1536600737,1,36
1536600739,1,247
1536600740,1,30
1536600741,2,59
1536600742,1,34
1536600743,1,23
1536600744,2,555
1536600745,2,56
1536600747,1,25
1536600748,1,21
1536600749,2,273
1536600750,1,48
1536600751,1,16
1536600752,1,25
1536600753,1,25
1536600754,1,29
1536600755,1,21
1536600756,1,17
1536600758,2,221
1536600759,2,47
1536600760,2,49
1536600761,1,30
1536600762,1,22
1536600763,1,18
1536600764,2,109
1536600765,1,18
1536600766,2,46
1536600767,1,25
1536600768,1,23
1536600769,2,63
1536600770,1,23
1536600772,1,214
1536600773,1,37
1536600774,2,280
1536600775,2,235
1536600777,2,81
1536600778,1,23
1536600779,2,23
1536600780,2,30
1536600781,2,234
1536600782,1,29
1536600783,1,213
1536600784,1,30
1536600786,2,671
1536600787,2,141
1536600788,1,27
1536600789,1,86
1536600790,2,37
1536600792,2,227
1536600793,1,24
1536600794,1,38
1536600795,2,98
1536600796,2,397
1536600798,2,270
1536600799,1,39
1536600800,1,23
1536600801,1,22
1536600802,1,27
1536600803,2,26
1536600804,2,149
1536600805,2,45
1536600806,1,18
1536600808,2,64
1536600809,2,36
1536600810,2,175
1536600811,1,23
1536600812,1,24
1536600813,2,418
1536600814,2,36
1536600815,2,40
1536600817,2,55
1536600818,2,40
1536600819,2,63
1536600820,2,391
1536600821,2,184
1536600823,1,262
1536600824,2,97
1536600825,2,582
1536600826,2,54
1536600828,2,64
1536600829,1,35
1536600830,2,42
1536600831,2,44
1536600832,1,67
1536600833,2,40
1536600834,1,238
1536600835,1,23
1536600837,2,171
1536600838,2,208
1536600839,1,48
1536600840,2,40
1536600841,2,40
1536600842,2,40
1536600843,1,274
1536600844,1,18
1536600846,2,78
1536600847,1,25
1536600848,2,27
1536600849,1,29
1536600850,1,28
1536600851,2,428
1536600852,1,25
1536600853,2,40
1536600855,2,75
1536600856,2,43
1536600857,2,43
1536600858,2,246
1536600859,2,58
1536600860,2,30
1536600861,2,79
1536600862,1,25
1536600863,2,44
1536600864,2,59
1536600865,1,16
1536600867,2,68
1536600868,2,58
1536600869,2,47
1536600870,2,60
1536600871,1,34
1536600872,2,36
1536600873,1,21
1536600874,1,15
1536600875,1,42
1536600876,1,31
1536600877,1,23
1536600878,1,29
1536600880,1,203
1536600881,1,31
1536600882,2,104
1536600883,1,23
1536600885,2,773
1536600886,1,42
1536600887,2,56
1536600888,1,26
1536600889,1,21
1536600890,1,22
1536600891,1,21
1536600892,2,160
1536600893,1,21
1536600895,2,138
1536600896,2,229
1536600897,2,109
1536600898,1,22
1536600899,1,41
1536600900,1,25
1536600901,2,104
1536600903,2,367
1536600904,1,19
1536600905,1,14
1536600906,1,28
1536600907,2,52
1536600908,2,42
1536600909,1,23
1536600910,2,43
1536600911,2,44
1536600912,1,30
1536600913,1,111
1536600915,1,37
1536600916,2,827
1536600918,2,42
1536600919,1,44
1536600920,2,49
1536600921,1,41
1536600922,1,17
1536600923,2,239
1536600924,1,27
1536600925,1,28
1536600927,2,568
1536600928,1,32
1536600929,1,29
1536600930,2,190
1536600931,1,27
1536600932,2,82
1536600933,1,25
1536600934,1,25
1536600936,2,44
1536600937,1,27
1536600938,1,30
1536600939,1,20
1536600940,2,77
1536600941,2,394
1536600942,1,28
1536600944,2,209
1536600945,2,255
1536600946,1,19
1536600947,2,224
1536600948,2,63
1536600949,1,29
1536600950,2,35
1536600952,2,44
1536600953,2,35
1536600954,1,44
1536600955,2,633
1536600957,2,282
1536600958,2,296
1536600959,2,364
1536600960,1,30
1536600961,1,28
1536600963,2,43
1536600964,1,206
1536600965,1,220
1536600966,2,323
1536600968,2,86
1536600969,1,321
1536600970,2,41
1536600971,1,23
1536600972,2,35
1536600973,2,49
1536600974,1,21
1536600976,2,657
1536600977,1,29
1536600978,2,42
1536600979,2,69
1536600980,2,59
1536600981,1,20
1536600982,2,69
1536600983,2,69
1536600984,1,23
1536600986,1,24
1536600987,2,288
1536600988,2,48
1536600989,1,25
1536600991,2,609
1536600992,1,22
1536600993,2,54
1536600994,2,44
1536600995,1,27
1536600996,1,36
1536600997,1,29
1536600998,1,25
1536600999,2,62
1536601000,2,69
1536601001,1,22
1536601002,1,20
1536601004,1,28
1536601005,2,39
1536601006,2,411
1536601007,2,64
1536601008,2,50
1536601009,2,66
1536601010,1,38
1536601011,2,46
1536601012,1,7
1536601014,2,349
1536601015,2,46
1536601016,1,34
1536601017,2,62
1536601018,1,40
1536601019,2,97
1536601020,2,36
1536601021,2,45
1536601023,1,33
1536601024,1,25
1536601025,1,19
1536601026,1,233
1536601027,1,16
1536601028,2,51
1536601029,1,28
1536601030,1,29
1536601032,2,444
1536601033,1,26
1536601034,1,33
1536601035,1,25
1536601036,2,53
1536601037,2,336
1536601038,2,45
1536601039,1,35
1536601040,2,29
1536601042,1,21
1536601043,2,434
1536601044,1,22
1536601045,1,26
1536601046,2,272
1536601048,2,56
1536601049,2,45
1536601050,2,61
1536601051,1,38
1536601052,1,31
1536601053,2,61
1536601054,2,151
1536601055,2,42
1536601056,2,32
1536601057,1,28
1536601058,2,51
1536601059,1,34
1536601061,1,213
1536601062,2,498
1536601063,1,24
1536601064,2,56
1536601066,2,45
1536601067,1,25
1536601068,2,26
1536601069,2,63
1536601070,1,29
1536601071,2,117
1536601072,1,31
1536601073,2,48
1536601075,2,472
1536601076,1,23
1536601077,2,71
1536601078,2,43
1536601079,2,97
1536601080,2,50
1536601081,2,32
1536601082,1,19
1536601083,2,47
1536601084,1,28
1536601086,1,319
1536601087,2,35
1536601088,1,38
1536601089,2,59
1536601090,2,49
1536601091,1,22
1536601092,2,55
1536601093,1,25
1536601094,1,17
1536601096,2,296
1536601097,1,28
1536601098,1,15
1536601099,1,215
1536601100,1,26
1536601101,2,28
1536601102,2,45
1536601103,2,228
1536601104,1,21
1536601106,2,38
1536601107,2,214
1536601108,1,41
1536601109,1,42
1536601110,1,42
1536601111,1,50
1536601112,1,21
1536601113,2,31
1536601114,2,56
1536601116,2,449
1536601117,2,33
1536601118,1,41
1536601119,1,25
1536601120,1,24
1536601121,1,32
1536601122,1,20
1536601124,2,350
1536601125,1,17
1536601126,1,264
1536601127,1,20
1536601128,1,23
1536601129,1,30
1536601130,2,155
1536601132,1,261
1536601133,2,361
1536601134,1,61
1536601135,1,221
1536601137,2,164
1536601138,1,20
1536601139,2,51
1536601140,1,48
1536601141,1,22
1536601142,1,22
1536601143,1,30
1536601144,2,95
1536601145,2,39
1536601146,2,44
1536601147,2,188
1536601149,2,222
1536601150,1,280
1536601151,2,300
1536601152,2,70
1536601154,2,82
1536601155,1,49
1536601156,1,34
1536601157,2,377
1536601158,1,29
1536601159,2,211
1536601161,2,554
1536601162,1,260
1536601163,2,69
1536601164,1,36
1536601166,2,282
1536601167,1,20
1536601168,2,253
1536601169,1,29
1536601171,1,271
1536601172,1,36
1536601173,1,21
1536601174,2,107
1536601175,2,272
1536601176,2,43
1536601177,2,98
1536601178,1,31
1536601179,1,22
1536601181,1,60
1536601182,1,28
1536601183,2,247
1536601184,1,24
1536601186,2,626
1536601187,2,122
1536601188,2,29
1536601189,1,39
1536601190,2,49
1536601191,1,21
1536601192,2,33
1536601193,2,261
1536601195,2,340
1536601196,2,44
1536601197,2,74
1536601198,1,29
1536601199,2,158
1536601200,1,28
1536601201,2,59
1536601202,2,83
1536601204,1,314
1536601205,2,280
1536601206,1,32
1536601207,2,41
1536601208,1,34
1536601209,2,43
1536601211,1,30
1536601212,1,30
1536601213,2,55
1536601214,1,13
1536601215,1,22
1536601216,1,174
1536601217,1,20
1536601219,2,629
1536601220,1,19
1536601221,2,269
1536601223,2,401
1536601224,1,43
1536601225,2,33
1536601226,1,24
1536601227,1,193
1536601228,2,44
1536601229,1,19
1536601230,1,13
1536601231,1,30
1536601232,1,16
1536601233,2,82
1536601235,2,322
1536601236,1,317
1536601237,2,36
1536601238,1,33
1536601239,1,20
1536601240,1,22
1536601241,1,28
1536601243,2,256
1536601244,1,229
1536601245,2,85
1536601246,2,45
1536601247,2,238
1536601249,1,290
1536601250,2,66
1536601251,1,26
1536601252,1,19
1536601253,2,270
1536601254,2,221
1536601256,2,316
1536601257,1,300
1536601258,2,51
1536601259,1,21
1536601260,1,22
1536601261,1,31
1536601262,1,19
1536601264,1,23
1536601265,2,593
1536601266,2,66
1536601268,2,222
1536601269,2,270
1536601270,1,36
1536601271,1,26
1536601272,1,56
1536601273,2,385
1536601275,1,22
1536601276,1,25
1536601277,1,16
1536601278,2,237
1536601279,2,39
1536601280,2,105
1536601281,1,19
1536601282,2,67
1536601283,1,46
1536601284,1,19
1536601286,1,22
1536601287,2,363
1536601288,2,216
1536601289,1,27
1536601290,2,54
1536601291,1,27
1536601292,2,47
1536601293,1,23
1536601295,1,24
1536601296,1,20
1536601297,1,23
1536601298,1,22
1536601299,2,51
1536601300,2,454
1536601301,2,53
1536601302,1,18
1536601304,2,92
1536601305,1,213
1536601306,2,253
1536601307,2,112
1536601308,2,117
1536601310,2,254
1536601311,2,50
1536601312,1,16
1536601313,2,57
1536601314,1,35
1536601315,1,7
1536601316,1,18
1536601317,1,18
1536601319,2,445
1536601320,1,49
1536601321,1,15
1536601322,2,266
1536601323,2,409
1536601325,2,71
1536601326,2,81
1536601327,2,61
1536601328,1,24
1536601329,1,23
1536601330,1,19
1536601332,2,696
1536601333,1,19
1536601334,1,39
1536601335,2,207
1536601336,2,122
1536601338,2,302
1536601339,1,30
1536601340,2,43
1536601341,2,105
1536601342,2,28
1536601343,2,56
1536601344,1,68
1536601345,1,22
1536601346,2,45
1536601347,2,277
1536601349,1,20
1536601350,2,37
1536601351,2,37
1536601352,2,63
1536601353,2,62
1536601355,2,682
1536601356,1,49
1536601357,1,237
1536601358,2,50
1536601359,1,25
1536601360,2,51
1536601361,1,39
1536601362,1,20
1536601363,1,24
1536601364,2,37
1536601366,1,130
1536601367,1,189
1536601368,2,53
1536601370,2,621
1536601371,2,41
1536601372,2,543
1536601373,2,68
1536601374,2,58
1536601375,1,24
1536601376,1,20
1536601378,1,46
1536601379,2,45
1536601380,2,65
1536601381,2,121
1536601382,1,21
1536601383,1,24
1536601384,1,18
1536601385,1,23
1536601386,2,69
1536601387,1,21
1536601388,2,49
1536601389,1,23
1536601390,1,19
1536601391,1,16
1536601393,2,568
1536601394,1,18
1536601395,2,76
1536601396,2,80
1536601397,2,62
1536601399,2,104
1536601400,1,24
1536601401,2,74
1536601402,1,23
1536601403,2,65
1536601404,2,53
1536601405,2,46
1536601406,2,60
1536601407,1,30
1536601408,1,21
1536601409,2,41
1536601410,1,17
1536601411,2,42
1536601413,1,23
1536601414,1,30
1536601415,1,26
1536601416,2,423
1536601417,1,11
1536601418,1,37
1536601420,2,65
1536601421,2,318
1536601422,1,199
1536601423,1,21
1536601424,2,61
1536601425,1,18
1536601426,2,41
1536601427,1,50
1536601429,1,51
1536601430,2,259
1536601431,2,220
1536601432,2,33
1536601433,1,248
1536601435,2,65
1536601436,2,60
1536601437,1,23
1536601438,1,17
1536601439,2,67
1536601440,1,22
1536601441,2,242
1536601442,2,214
1536601443,1,37
1536601445,2,459
1536601446,1,21
1536601447,1,34
1536601448,2,96
1536601449,2,47
1536601451,2,240
1536601452,2,284
1536601453,2,152
1536601454,2,38
1536601455,1,20
1536601456,1,29
1536601457,1,16
1536601458,2,108
1536601460,2,37
1536601461,1,34
1536601462,1,36
1536601463,1,53
1536601464,1,18
1536601465,1,314
1536601466,1,28
1536601467,1,17
1536601468,2,82
1536601470,1,259
1536601471,1,45
1536601472,2,36
1536601473,1,326
1536601475,2,422
1536601476,2,68
1536601477,1,23
1536601478,1,24
1536601479,1,25
1536601480,2,119
1536601481,1,26
1536601482,2,39
1536601483,1,43
1536601485,1,287
1536601486,2,75
1536601487,1,20
1536601488,1,262
1536601489,2,76
1536601490,2,51
1536601491,2,52
1536601493,2,231
1536601494,2,66
1536601495,1,34
1536601496,2,31
1536601497,2,270
1536601498,2,37
1536601499,1,29
1536601500,1,27
1536601501,1,24
1536601503,2,272
1536601504,2,75
1536601505,2,58
1536601506,1,33
1536601507,1,7
1536601508,1,45
1536601509,2,125
1536601510,2,47
1536601512,2,396
1536601513,1,26
1536601514,1,17
1536601515,1,39
1536601516,2,214
1536601517,2,364
1536601518,1,27
1536601520,2,46
1536601521,2,39
1536601522,2,466
1536601523,1,16
1536601524,2,156
1536601525,1,65
1536601527,1,22
1536601528,1,20
1536601529,2,55
1536601530,2,41
1536601531,2,267
1536601532,2,107
1536601533,1,41
1536601534,2,63
1536601536,2,324
1536601537,1,21
1536601538,1,21
1536601539,2,35
1536601540,1,32
1536601541,2,58
1536601542,1,20
1536601543,1,22
1536601544,2,206
1536601545,1,27
1536601546,1,33
1536601548,2,584
1536601549,1,39
1536601550,2,184
1536601551,1,21
1536601553,2,62
1536601554,1,167
1536601555,2,40
1536601556,1,279
1536601557,2,231
1536601559,2,1043
1536601561,1,27
1536601562,1,63
1536601563,2,188
1536601564,1,22
1536601565,2,52
1536601566,2,329
1536601567,1,21
1536601568,1,11
1536601570,2,255
1536601571,2,251
1536601572,2,31
1536601573,2,45
1536601574,2,65
1536601575,1,114
1536601576,1,39
1536601577,1,30
1536601579,2,92
1536601580,2,49
1536601581,1,262
1536601582,2,55
1536601583,2,48
1536601584,1,26
1536601585,2,197
1536601587,2,64
1536601588,1,236
1536601589,2,333
1536601590,1,220
1536601592,2,106
1536601593,1,113
1536601594,1,30
1536601595,1,17
1536601596,2,223
1536601597,1,21
1536601598,1,22
1536601599,1,22
1536601600,2,52
1536601601,1,16
1536601602,2,90
1536601604,2,67
1536601605,1,311
1536601606,2,38
1536601607,2,72
1536601608,2,85
1536601609,2,39
1536601610,2,96
1536601611,1,28
1536601613,1,273
1536601614,1,20
1536601615,2,36
1536601616,1,18
1536601617,1,56
1536601618,2,81
1536601619,2,48
1536601620,2,51
1536601621,2,50
1536601622,1,21
1536601624,2,38
1536601625,2,78
1536601626,2,43
1536601627,1,23
1536601628,2,437
1536601629,2,34
1536601630,1,16
1536601631,1,24
1536601633,2,265
1536601634,1,23
1536601635,1,19
1536601636,2,41
1536601637,1,21
1536601638,1,16
1536601639,2,332
1536601641,2,66
1536601642,2,47
1536601643,2,51
1536601644,1,31
1536601645,2,142
1536601646,1,25
1536601647,1,33
1536601648,2,115
1536601649,1,29
1536601651,1,280
1536601652,1,30
1536601653,1,211
1536601654,2,32
1536601655,2,75
1536601656,1,253
1536601657,1,26
1536601659,2,40
1536601660,1,32
1536601661,2,42
1536601662,2,410
1536601663,1,64
1536601664,1,24
1536601665,1,46
1536601667,1,194
1536601668,2,39
1536601669,2,50
1536601670,2,296
1536601671,2,87
1536601672,2,32
1536601673,2,46
1536601675,2,267
1536601676,2,105
1536601677,1,40
1536601678,1,21
1536601679,1,16
1536601680,1,233
1536601681,1,27
1536601682,1,18
1536601683,1,28
1536601685,2,59
1536601686,1,10
1536601687,2,96
1536601688,1,51
1536601689,2,145
1536601690,1,16
1536601691,1,268
1536601693,2,247
1536601694,1,321
1536601695,2,33
1536601696,1,17
1536601697,1,24
1536601698,1,25
1536601699,1,29
1536601701,2,220
1536601702,1,25
1536601703,2,48
1536601704,1,31
1536601705,1,30
1536601706,1,14
1536601707,1,47
1536601708,2,264
1536601709,1,25
1536601711,2,237
1536601712,1,21
1536601713,2,41
1536601714,1,19
1536601715,1,47
1536601716,1,32
1536601717,2,39
1536601718,2,80
1536601719,2,209
1536601721,1,34
1536601722,1,17
1536601723,2,43
1536601724,2,103
1536601725,1,27
1536601726,1,216
1536601727,2,285
1536601729,2,255
1536601730,2,304
1536601731,1,27
1536601732,1,41
1536601734,2,646
1536601735,2,94
1536601736,2,132
1536601737,1,52
1536601738,2,55
1536601739,1,31
1536601740,2,45
1536601742,1,38
1536601743,1,21
1536601744,2,311
1536601745,1,21
1536601746,2,59
1536601747,2,32
1536601748,1,25
1536601749,2,177
1536601751,2,68
1536601752,1,108
1536601753,2,54
1536601754,2,39
1536601755,1,27
1536601756,2,119
1536601757,2,186
1536601758,1,23
1536601760,2,224
1536601761,1,25
1536601762,2,333
1536601763,1,24
1536601764,1,28
1536601765,1,24
1536601766,1,18
1536601767,2,38
1536601768,2,27
1536601769,1,20
1536601770,2,39
1536601772,1,33
1536601773,1,73
1536601774,1,42
1536601775,2,341
1536601776,1,37
1536601777,1,24
1536601778,2,62
1536601779,2,45
1536601780,2,44
1536601782,2,47
1536601783,1,26
1536601784,2,84
1536601785,2,54
1536601786,1,25
1536601787,1,19
1536601788,1,22
1536601789,1,25
1536601790,1,32
1536601791,1,27
1536601792,1,51
1536601793,1,231
1536601795,1,38
1536601796,1,24
1536601797,1,39
1536601798,2,27
1536601799,2,35
1536601800,2,42
1536601801,2,29
1536601802,1,23
1536601803,1,30
1536601804,2,256
1536601805,2,50
1536601807,1,31
1536601808,2,43
1536601809,1,72
1536601810,1,33
1536601811,1,35
1536601812,1,287
1536601813,1,31
1536601814,2,54
1536601815,1,27
1536601816,1,11
1536601818,1,177
1536601819,2,174
1536601820,1,27
1536601821,1,20
1536601822,1,7
1536601823,1,9
1536601824,2,49
1536601825,1,19
1536601826,2,350
1536601828,1,16
1536601829,1,25
1536601830,2,39
1536601831,1,28
1536601832,1,116
1536601833,1,22
1536601834,1,192
1536601835,1,27
1536601837,2,287
1536601838,2,468
1536601839,1,32
1536601840,2,85
1536601842,2,388
1536601843,2,54
1536601844,2,337
1536601845,2,270
1536601847,2,140
1536601848,1,26
1536601849,1,19
1536601850,2,53
1536601851,2,63
1536601852,1,64
1536601853,1,70
1536601854,2,236
1536601855,2,31
1536601856,2,54
1536601858,1,10
1536601859,2,532
1536601860,2,51
1536601861,1,21
1536601862,2,88
1536601863,2,49
1536601865,1,35
1536601866,2,41
1536601867,2,29
1536601868,2,89
1536601869,1,33
1536601870,1,25
1536601871,2,426
1536601872,1,38
1536601873,1,19
1536601875,1,215
1536601876,1,189
1536601877,2,44
1536601878,2,45
1536601879,1,105
1536601880,2,49
1536601881,1,25
1536601882,1,26
1536601884,2,360
1536601885,2,271
