timestamp,kw_lengh,took_ms
1536596434,2,1378
1536596436,3,442
1536596437,1,369
1536596439,2,339
1536596440,4,554
1536596442,2,229
1536596443,1,73
1536596444,2,186
1536596446,13,1056
1536596447,4,77
1536596448,2,90
1536596450,7,240
1536596451,3,281
1536596452,1,30
1536596453,3,77
1536596454,5,138
1536596455,1,67
1536596457,3,278
1536596458,1,56
1536596459,4,86
1536596460,3,93
1536596462,3,738
1536596463,4,92
1536596464,1,31
1536596465,3,93
1536596466,4,345
1536596467,1,33
1536596469,1,133
1536596470,1,34
1536596472,15,742
1536596473,3,409
1536596475,15,1281
1536596478,16,1148
1536596479,3,145
1536596480,4,303
1536596481,5,98
1536596482,4,57
1536596484,5,367
1536596485,3,96
1536596486,1,21
1536596487,3,82
1536596489,17,1206
1536596491,3,311
1536596492,4,260
1536596494,1,390
1536596495,2,44
1536596496,2,61
1536596497,2,57
1536596498,2,63
1536596499,1,267
1536596501,2,964
1536596502,3,52
1536596503,3,54
1536596505,1,326
1536596506,11,570
1536596508,2,261
1536596509,3,86
1536596510,3,71
1536596511,1,20
1536596512,1,40
1536596513,4,81
1536596515,4,328
1536596516,2,58
1536596517,2,54
1536596518,1,31
1536596519,2,43
1536596520,1,16
1536596521,3,86
1536596522,1,17
1536596523,2,44
1536596524,3,99
1536596525,1,23
1536596527,17,633
1536596528,5,107
1536596529,2,40
1536596530,3,141
1536596531,1,15
1536596533,5,410
1536596534,3,70
1536596536,6,459
1536596537,3,210
1536596538,1,239
1536596539,3,105
1536596541,3,335
1536596542,2,43
1536596543,3,172
1536596544,1,288
1536596546,4,732
1536596548,11,672
1536596549,7,521
1536596551,6,118
1536596552,2,49
1536596553,1,10
1536596554,3,61
1536596555,3,57
1536596557,17,965
1536596558,1,21
1536596559,2,53
1536596560,1,277
1536596562,2,473
1536596563,2,61
1536596564,2,190
1536596565,2,63
1536596566,1,28
1536596567,1,36
1536596569,6,277
1536596570,1,25
1536596571,5,455
1536596572,2,68
1536596573,5,74
1536596574,4,95
1536596576,2,126
1536596577,3,208
1536596578,2,48
1536596579,4,100
1536596580,2,133
1536596581,4,192
1536596583,1,28
1536596584,4,73
1536596585,3,83
1536596586,4,376
1536596587,1,17
1536596589,7,338
1536596590,2,36
1536596591,3,36
1536596592,3,48
1536596593,3,42
1536596594,2,235
1536596595,2,318
1536596597,2,207
1536596598,3,51
1536596600,12,843
1536596601,3,395
1536596603,5,519
1536596604,2,52
1536596605,6,596
1536596607,2,193
1536596608,1,34
1536596609,1,27
1536596610,1,46
1536596611,1,11
1536596612,3,110
1536596613,4,317
1536596614,4,107
1536596616,4,58
1536596617,4,303
1536596618,2,296
1536596619,3,56
1536596621,5,302
1536596622,2,63
1536596623,7,515
1536596624,1,25
1536596626,5,370
1536596627,1,27
1536596628,3,300
1536596630,2,352
1536596631,2,47
1536596632,2,29
1536596633,3,278
1536596635,4,516
1536596636,6,338
1536596638,14,637
1536596639,2,53
1536596640,3,74
1536596641,4,292
1536596642,3,76
1536596643,1,56
1536596645,2,49
1536596646,7,221
1536596647,1,32
1536596648,2,189
1536596649,3,52
1536596650,3,52
1536596652,3,264
1536596653,1,31
1536596654,2,289
1536596655,1,35
1536596656,3,52
1536596657,2,35
1536596659,1,323
1536596660,1,21
1536596661,1,23
1536596662,4,62
1536596663,1,26
1536596664,2,255
1536596665,1,230
1536596667,6,880
1536596669,6,324
1536596671,14,816
1536596672,3,83
1536596673,1,18
1536596674,2,41
1536596675,1,21
1536596676,2,282
1536596678,5,502
1536596679,2,25
1536596680,3,236
1536596682,7,406
1536596683,2,49
1536596684,1,190
1536596685,3,37
1536596686,2,48
1536596687,3,58
1536596688,2,45
1536596690,2,259
1536596691,1,19
1536596692,2,34
1536596693,2,25
1536596694,1,25
1536596695,5,633
1536596697,2,348
1536596698,1,33
1536596699,2,37
1536596700,2,41
1536596702,16,774
1536596704,13,680
1536596705,4,150
1536596706,2,71
1536596707,1,204
1536596708,2,43
1536596709,2,53
1536596710,2,33
1536596712,1,217
1536596713,2,295
1536596714,2,96
1536596716,5,429
1536596717,1,17
1536596718,2,170
1536596719,3,392
1536596721,3,213
1536596722,16,354
1536596723,6,351
1536596725,1,241
1536596726,3,108
1536596727,3,693
1536596729,3,239
1536596730,4,64
1536596732,4,572
1536596733,3,258
1536596734,2,46
1536596735,2,64
1536596736,3,56
1536596737,3,82
1536596739,12,810
1536596740,1,22
1536596741,4,85
1536596742,4,70
1536596744,3,270
1536596745,3,80
1536596746,5,320
1536596747,2,47
1536596748,2,48
1536596749,5,71
1536596751,3,54
1536596752,2,204
1536596753,7,583
1536596754,3,64
1536596756,4,539
1536596757,1,43
1536596758,3,117
1536596759,4,69
1536596761,3,70
1536596762,4,487
1536596763,1,18
1536596764,3,59
1536596765,1,21
1536596767,4,283
1536596768,13,451
1536596769,2,177
1536596771,3,375
1536596772,1,267
1536596773,2,117
1536596774,5,58
1536596776,6,256
1536596777,5,656
1536596779,6,144
1536596780,1,25
1536596781,13,291
1536596782,2,134
1536596783,1,26
1536596784,1,19
1536596785,3,47
1536596787,15,582
1536596788,1,16
1536596789,5,195
1536596791,4,227
1536596792,1,16
1536596793,13,291
1536596794,1,23
1536596795,1,21
1536596797,3,468
1536596798,2,57
1536596799,1,21
1536596800,3,222
1536596801,2,133
1536596802,4,101
1536596804,3,54
1536596805,1,16
1536596806,3,53
1536596807,4,315
1536596809,11,471
1536596810,3,98
1536596811,1,16
1536596812,2,257
1536596813,2,43
1536596814,1,29
1536596816,15,1007
1536596818,4,671
1536596819,4,235
1536596821,4,490
1536596822,3,64
1536596823,1,25
1536596824,3,73
1536596826,7,516
1536596827,4,84
1536596828,3,274
1536596829,6,104
1536596830,2,70
1536596831,3,58
1536596833,1,19
1536596834,1,34
1536596836,16,908
1536596837,3,206
1536596838,1,18
1536596840,7,887
1536596842,13,806
1536596843,1,266
1536596845,6,425
1536596846,3,42
1536596847,2,134
1536596848,3,78
1536596849,6,121
1536596850,1,26
1536596851,1,19
1536596852,3,342
1536596854,1,27
1536596855,2,48
1536596856,2,261
1536596857,2,99
1536596859,6,483
1536596860,6,301
1536596861,1,14
1536596862,3,126
1536596863,2,48
1536596865,2,290
1536596866,3,235
1536596867,4,71
1536596868,2,39
1536596869,5,264
1536596871,13,297
1536596872,2,36
1536596873,3,511
1536596875,1,57
1536596876,1,212
1536596877,4,342
1536596878,3,79
1536596879,2,49
1536596881,6,81
1536596882,13,190
1536596883,11,489
1536596884,1,69
1536596885,1,36
1536596887,3,151
1536596888,4,251
1536596889,2,63
1536596890,4,222
1536596891,1,20
1536596892,2,80
1536596894,2,50
1536596895,1,36
1536596896,3,228
1536596897,2,286
1536596899,3,444
1536596900,3,60
1536596901,4,91
1536596902,6,292
1536596903,2,21
1536596904,4,40
1536596906,3,410
1536596907,2,85
1536596908,2,49
1536596910,4,700
1536596911,3,45
1536596912,2,278
1536596914,2,321
1536596915,2,31
1536596916,3,70
1536596917,3,58
1536596919,17,857
1536596920,2,47
1536596921,3,274
1536596923,6,313
1536596924,14,847
1536596926,3,87
1536596927,1,39
1536596928,1,53
1536596929,2,38
1536596930,3,45
1536596931,2,294
1536596932,3,154
1536596934,2,207
1536596935,3,184
1536596936,3,179
1536596937,4,247
1536596938,1,29
1536596939,4,74
1536596941,2,52
1536596942,1,26
1536596943,2,178
1536596944,2,52
1536596945,2,35
1536596947,7,828
1536596948,2,47
1536596950,15,596
1536596951,2,91
1536596952,1,17
1536596953,4,71
1536596954,2,38
1536596955,3,430
1536596957,4,588
1536596959,2,605
1536596960,2,55
1536596961,2,63
1536596962,3,44
1536596963,1,26
1536596965,15,1248
1536596966,4,70
1536596967,3,47
1536596969,7,602
1536596970,2,50
1536596971,4,73
1536596973,3,199
1536596974,6,348
1536596975,4,126
1536596976,1,32
1536596977,2,93
1536596978,3,50
1536596979,2,38
1536596980,2,32
1536596982,3,520
1536596984,13,994
1536596985,3,63
1536596987,4,434
1536596988,1,265
1536596989,4,82
1536596990,2,47
1536596991,2,154
1536596993,6,212
1536596994,3,145
1536596995,1,332
1536596996,4,329
1536596998,16,777
1536597000,5,678
1536597001,1,23
1536597002,1,266
1536597003,2,31
1536597004,2,42
1536597006,3,52
1536597007,5,241
1536597008,2,67
1536597009,3,64
1536597010,1,23
1536597011,4,88
1536597013,6,318
1536597014,2,219
1536597015,1,22
1536597016,3,138
1536597018,16,790
1536597019,3,405
1536597021,2,31
1536597022,1,288
1536597023,2,139
1536597024,4,102
1536597025,2,228
1536597026,3,57
1536597028,2,56
1536597029,2,52
1536597030,1,66
1536597031,4,54
1536597032,1,214
1536597033,1,22
1536597035,4,728
1536597036,1,24
1536597037,3,57
1536597038,4,236
1536597040,4,174
1536597041,1,25
1536597042,4,420
1536597043,2,274
1536597045,3,270
1536597046,2,193
1536597047,4,81
1536597048,3,85
1536597050,4,319
1536597051,3,343
1536597052,2,116
1536597053,1,27
1536597055,3,299
1536597056,3,72
1536597057,14,327
1536597058,3,246
1536597060,4,200
1536597061,3,516
1536597063,15,980
1536597065,7,193
1536597066,2,62
1536597067,5,77
1536597068,12,502
1536597070,4,203
1536597071,1,27
1536597072,2,41
1536597073,3,365
1536597074,1,19
1536597075,2,48
1536597076,7,135
1536597078,2,53
1536597079,1,20
1536597080,1,23
1536597081,1,307
1536597082,5,477
1536597084,2,388
1536597085,2,126
1536597087,16,429
1536597088,3,82
1536597089,3,321
1536597090,4,228
1536597091,1,25
1536597093,1,294
1536597094,4,319
1536597095,1,27
1536597096,4,169
1536597098,3,48
1536597099,4,435
1536597100,5,269
1536597102,2,233
1536597103,12,393
1536597104,2,46
1536597105,3,67
1536597106,2,45
1536597107,1,34
1536597109,4,408
1536597110,2,70
1536597111,3,332
1536597113,1,199
1536597114,2,236
1536597115,2,232
1536597116,1,17
1536597117,1,27
1536597118,2,98
1536597120,6,120
1536597121,3,72
1536597123,7,1163
1536597124,4,321
1536597125,3,42
1536597127,5,244
1536597128,4,106
1536597129,1,31
1536597131,12,1265
1536597133,6,749
1536597134,3,77
1536597135,1,40
1536597136,3,80
1536597138,4,360
1536597139,1,31
1536597140,1,25
1536597141,4,269
1536597142,4,55
1536597143,3,115
1536597145,1,311
1536597146,3,90
1536597147,5,316
1536597149,2,575
1536597150,3,316
1536597151,2,69
1536597152,3,209
1536597153,3,41
1536597155,3,252
1536597156,4,217
1536597157,3,36
1536597158,1,251
1536597160,7,681
1536597161,4,222
1536597163,7,513
1536597165,14,1130
1536597167,6,673
1536597168,2,197
1536597169,2,307
1536597170,3,45
1536597172,5,105
1536597173,4,224
1536597174,2,127
1536597175,3,194
1536597176,4,74
1536597178,2,37
1536597179,3,271
1536597180,7,208
1536597181,2,31
1536597182,4,60
1536597184,2,303
1536597185,3,66
1536597186,2,99
1536597187,4,581
1536597189,4,371
1536597190,1,19
1536597191,5,516
1536597193,3,150
1536597194,3,123
1536597195,1,29
1536597196,6,176
1536597197,7,108
1536597198,1,20
1536597199,3,64
1536597201,1,18
1536597202,2,50
1536597203,2,50
1536597204,1,24
1536597205,1,250
1536597207,4,598
1536597209,14,816
1536597210,2,53
1536597211,1,19
1536597212,1,25
1536597213,2,288
1536597215,2,51
1536597216,11,684
1536597218,2,255
1536597219,4,400
1536597220,2,161
1536597221,2,32
1536597223,4,439
1536597224,7,496
1536597226,4,157
1536597227,5,153
1536597228,3,77
1536597229,3,75
1536597230,3,98
1536597231,2,78
1536597232,3,54
1536597233,3,117
1536597234,1,45
1536597236,6,275
1536597237,6,369
1536597239,3,538
1536597240,3,396
1536597241,1,152
1536597243,2,237
1536597244,3,407
1536597246,4,475
1536597247,2,43
1536597248,2,203
1536597249,1,25
1536597250,3,158
1536597251,1,25
1536597252,1,21
1536597253,1,31
1536597255,5,285
1536597256,1,39
1536597257,3,74
1536597260,7,1626
1536597261,5,252
1536597262,1,34
1536597263,1,36
1536597264,3,123
1536597265,2,120
1536597266,1,56
1536597267,1,37
1536597269,2,57
1536597270,1,22
1536597271,2,63
1536597272,3,106
1536597273,13,321
1536597275,4,473
1536597276,2,55
1536597277,3,82
1536597278,3,261
1536597279,3,97
1536597281,6,85
1536597282,1,56
1536597283,3,70
1536597284,15,497
1536597285,5,137
1536597287,3,431
1536597288,3,237
1536597289,1,25
1536597291,15,1031
1536597292,1,23
1536597294,2,45
1536597295,3,112
1536597296,1,30
1536597297,4,84
1536597298,1,61
1536597299,1,189
1536597300,1,30
1536597301,6,138
1536597303,2,40
1536597304,6,109
1536597305,1,20
1536597306,1,40
1536597307,3,51
1536597308,2,33
1536597309,1,41
1536597310,4,96
1536597311,2,50
1536597312,3,229
1536597314,4,58
1536597316,17,1024
1536597317,1,23
1536597318,6,360
1536597319,3,180
1536597320,2,72
1536597321,1,24
1536597323,12,594
1536597326,16,912
1536597327,2,67
1536597328,2,283
1536597329,4,187
1536597330,4,71
1536597332,4,142
1536597333,1,21
1536597334,1,22
1536597335,1,306
1536597336,1,20
1536597337,5,279
1536597339,4,601
1536597340,3,214
1536597342,1,208
1536597343,4,51
1536597344,2,42
1536597345,1,16
1536597346,1,18
1536597347,2,39
1536597348,2,57
1536597349,3,44
1536597350,2,92
1536597351,4,77
1536597353,3,454
1536597354,3,77
1536597355,2,133
1536597356,1,20
1536597357,6,68
1536597358,2,55
1536597359,1,25
1536597361,3,243
1536597362,3,60
1536597363,1,29
1536597364,2,310
1536597365,1,29
1536597367,2,223
1536597368,1,33
1536597369,2,300
1536597370,4,90
1536597371,2,210
1536597373,4,262
1536597375,17,868
1536597376,1,46
1536597377,3,71
1536597379,17,802
1536597380,7,362
1536597381,1,16
1536597382,4,199
1536597384,4,82
1536597385,1,31
1536597386,3,214
1536597387,2,41
1536597388,3,215
1536597389,1,22
1536597390,3,183
1536597392,1,34
1536597393,2,50
1536597394,2,39
1536597395,2,40
1536597396,2,31
1536597397,5,89
1536597399,17,432
1536597400,3,57
1536597401,3,61
1536597402,4,296
1536597403,3,74
1536597404,1,24
1536597405,1,16
1536597407,3,296
1536597408,1,41
1536597410,7,894
1536597411,2,114
1536597412,3,343
1536597414,6,457
1536597415,1,25
1536597416,2,332
1536597417,2,84
1536597418,3,245
1536597420,2,28
1536597421,2,41
1536597422,4,114
1536597424,16,709
1536597425,3,119
1536597426,3,537
1536597427,1,91
1536597429,2,48
1536597430,4,128
1536597431,2,48
1536597432,4,307
1536597434,3,392
1536597435,2,97
1536597436,2,42
1536597437,3,103
1536597438,1,21
1536597439,3,161
1536597440,3,307
1536597442,1,22
1536597443,6,151
1536597444,1,21
1536597445,1,23
1536597446,2,53
1536597447,3,98
1536597448,1,24
1536597449,14,234
1536597450,2,81
1536597452,5,108
1536597454,13,885
1536597455,2,52
1536597456,4,102
1536597457,2,46
1536597458,3,78
1536597459,3,166
1536597461,4,555
1536597462,4,275
1536597463,1,21
1536597464,2,57
1536597466,4,245
1536597467,3,216
1536597468,2,54
1536597469,3,263
1536597471,3,542
1536597472,7,228
1536597473,2,50
1536597474,3,68
1536597475,1,24
1536597477,1,33
1536597478,3,73
1536597479,3,294
1536597480,6,324
1536597481,1,27
1536597483,4,154
1536597484,1,21
1536597485,3,359
1536597486,4,215
1536597488,7,160
1536597489,2,60
1536597490,2,65
1536597491,4,162
1536597492,1,276
1536597494,1,216
1536597495,3,82
1536597496,1,29
1536597497,3,60
1536597498,3,101
1536597499,2,39
1536597501,15,1097
1536597502,1,19
1536597503,2,43
1536597505,7,328
1536597506,3,54
1536597507,6,194
1536597508,3,65
1536597509,1,37
1536597510,1,36
1536597511,1,27
1536597512,1,20
1536597514,3,126
1536597515,1,278
1536597516,2,321
1536597518,13,839
1536597520,3,395
1536597521,3,136
1536597522,3,86
1536597523,2,47
1536597524,2,336
1536597526,4,281
1536597527,3,64
1536597528,4,112
1536597529,7,351
1536597531,17,668
1536597532,1,41
1536597534,4,495
1536597535,3,319
1536597536,3,175
1536597537,1,23
1536597539,1,99
1536597540,1,40
1536597541,1,34
1536597542,1,29
1536597543,2,82
1536597544,3,167
1536597546,4,649
1536597547,4,241
1536597549,14,696
1536597550,2,45
1536597552,16,1140
1536597554,12,439
1536597555,1,23
1536597556,1,322
1536597558,3,572
1536597559,2,69
1536597560,2,49
1536597561,4,343
1536597563,3,232
1536597565,15,1031
1536597566,7,291
1536597567,6,146
1536597568,1,15
1536597569,4,105
1536597571,1,279
1536597572,2,31
1536597573,1,18
1536597574,1,34
1536597575,1,46
1536597576,6,124
1536597577,1,25
1536597578,2,41
1536597580,2,67
1536597581,2,225
1536597582,5,74
1536597583,3,150
1536597584,2,247
1536597585,1,24
1536597587,3,598
1536597588,4,138
1536597590,5,457
1536597591,3,309
1536597592,2,203
1536597594,5,273
1536597595,3,152
1536597596,2,126
1536597597,4,283
1536597599,3,292
1536597600,4,66
1536597601,1,22
1536597602,4,463
1536597603,2,84
1536597605,3,248
1536597607,17,935
1536597608,3,88
1536597610,12,743
1536597611,3,311
1536597612,3,80
1536597613,2,67
1536597615,5,494
1536597616,1,15
1536597617,3,270
1536597618,4,63
1536597619,2,84
1536597621,2,454
1536597622,2,77
1536597623,3,108
1536597624,2,131
1536597626,12,450
1536597627,3,63
1536597628,3,65
1536597629,4,98
1536597630,1,25
1536597631,2,44
1536597633,4,385
1536597634,2,35
1536597635,3,59
1536597636,1,45
1536597637,2,391
1536597638,4,79
1536597640,1,25
1536597641,1,27
1536597642,5,69
1536597643,2,36
1536597645,14,962
1536597647,4,415
1536597648,3,332
1536597649,4,92
1536597650,2,46
1536597652,4,395
1536597653,3,261
1536597654,2,48
1536597655,1,207
1536597657,2,262
1536597658,1,30
1536597659,3,132
1536597660,11,668
1536597662,4,210
1536597663,5,351
1536597664,3,122
1536597665,1,61
1536597666,4,74
1536597668,5,156
1536597669,1,27
1536597671,15,636
1536597672,2,307
1536597674,7,790
1536597675,2,52
1536597676,3,347
1536597677,6,240
1536597679,2,54
1536597680,1,7
1536597681,3,70
1536597682,4,322
1536597683,2,48
1536597685,5,589
1536597686,5,440
1536597688,1,208
1536597689,2,50
1536597690,1,239
1536597691,5,280
1536597693,7,895
1536597694,2,68
1536597696,3,408
1536597697,4,157
1536597698,4,235
1536597699,2,54
1536597700,3,183
1536597702,1,15
1536597703,2,240
1536597704,3,137
1536597705,2,63
1536597706,7,97
1536597707,1,21
1536597708,3,48
1536597710,3,625
1536597711,5,167
1536597712,1,31
1536597713,1,33
1536597714,1,22
1536597716,6,364
1536597717,5,254
1536597718,1,24
1536597719,3,41
1536597720,1,19
1536597722,4,294
1536597723,3,373
1536597724,3,197
1536597726,5,492
1536597727,2,78
1536597728,4,127
1536597729,1,15
1536597730,4,68
1536597732,4,297
1536597733,3,107
1536597734,1,24
1536597735,1,24
1536597736,2,209
1536597738,16,822
1536597739,1,24
1536597741,3,258
1536597742,3,72
1536597743,1,19
1536597744,6,192
1536597745,3,92
1536597746,2,26
1536597748,5,245
1536597749,4,180
1536597750,2,231
1536597751,6,85
1536597752,7,116
1536597753,4,93
1536597755,4,104
1536597756,1,28
1536597757,5,84
1536597758,5,497
1536597759,1,22
1536597761,5,316
1536597762,2,35
1536597763,1,26
1536597764,2,47
1536597765,3,82
1536597766,1,25
1536597768,5,496
1536597769,1,315
1536597770,2,38
1536597772,1,314
1536597773,1,7
1536597774,1,20
1536597775,5,468
1536597776,3,263
1536597778,2,44
1536597779,2,164
1536597780,3,43
1536597781,2,51
1536597782,2,43
1536597783,1,70
1536597785,3,521
1536597786,2,103
1536597787,4,245
1536597788,3,409
1536597790,1,325
1536597791,3,70
1536597792,2,61
1536597793,1,280
1536597794,1,30
1536597795,1,22
1536597797,5,287
1536597798,1,31
1536597799,4,84
1536597800,2,58
1536597801,4,104
1536597802,2,62
1536597803,1,34
1536597804,1,21
1536597806,1,61
1536597807,2,41
1536597808,6,504
1536597809,1,25
1536597811,5,423
1536597812,2,144
1536597813,4,244
1536597815,15,610
1536597816,3,71
1536597817,2,40
1536597818,1,311
1536597820,3,75
1536597821,2,412
1536597822,3,126
1536597824,12,462
1536597826,17,732
1536597827,3,225
1536597828,2,44
1536597829,1,21
1536597830,2,42
1536597831,1,17
1536597832,2,271
1536597834,3,432
1536597835,1,32
1536597836,2,257
1536597838,17,712
1536597839,1,34
1536597840,5,238
1536597842,3,222
1536597843,5,84
1536597845,14,511
1536597846,3,143
1536597847,2,275
1536597848,1,30
1536597849,1,31
1536597850,2,54
1536597851,1,66
1536597852,2,41
1536597853,1,15
1536597855,3,743
1536597857,6,465
1536597858,2,28
1536597859,1,60
1536597860,1,22
1536597862,3,413
1536597863,1,32
1536597864,1,25
1536597865,2,58
1536597866,2,73
1536597867,4,615
1536597869,1,283
1536597870,3,45
1536597871,2,174
1536597872,3,227
1536597874,3,375
1536597875,4,373
1536597876,1,22
1536597878,6,547
1536597879,3,167
1536597881,17,809
1536597882,1,41
1536597883,3,235
1536597884,4,103
1536597886,6,260
1536597887,12,615
1536597889,3,457
1536597890,4,218
1536597892,13,818
1536597893,1,30
1536597895,4,428
1536597896,2,31
1536597897,2,25
1536597898,3,63
1536597899,1,40
1536597900,1,25
1536597901,7,357
1536597903,7,406
1536597904,1,36
1536597905,3,137
1536597906,1,22
1536597907,2,48
1536597909,4,463
1536597911,15,690
1536597912,1,23
1536597913,2,42
1536597914,1,24
1536597915,2,36
1536597917,3,491
1536597918,14,593
1536597919,2,39
1536597920,3,57
1536597922,6,512
1536597923,2,70
1536597924,3,138
1536597925,4,110
1536597926,1,25
1536597928,3,472
1536597929,3,51
1536597930,3,403
1536597932,2,36
1536597933,1,18
1536597934,3,410
1536597935,4,126
1536597937,1,249
1536597938,1,35
1536597939,4,124
1536597940,4,80
1536597941,3,167
1536597942,4,377
1536597944,4,274
1536597946,7,803
1536597947,1,7
1536597948,1,20
1536597949,6,245
1536597950,3,131
1536597951,1,215
1536597953,3,262
1536597954,1,26
1536597955,1,16
1536597956,7,490
1536597957,1,26
1536597959,6,317
1536597960,2,40
1536597961,2,72
1536597962,2,402
1536597964,3,77
1536597965,3,292
1536597966,2,23
1536597967,4,370
1536597968,3,91
1536597970,16,532
1536597971,5,180
1536597973,3,142
1536597974,3,150
1536597975,3,127
1536597976,1,30
1536597978,17,744
1536597979,1,23
1536597980,3,69
1536597981,4,203
1536597983,5,302
1536597984,2,67
1536597985,4,195
1536597986,1,30
1536597987,1,20
1536597989,3,422
1536597990,1,291
1536597991,12,510
1536597993,6,594
