timestamp,kw_lengh,took_ms
1536612352,7,482
1536612353,6,315
1536612355,14,824
1536612357,6,405
1536612358,7,575
1536612359,7,228
1536612361,13,968
1536612363,7,110
1536612364,7,496
1536612366,5,366
1536612367,14,482
1536612368,6,295
1536612370,6,462
1536612371,6,202
1536612373,13,412
1536612375,15,1467
1536612376,7,144
1536612378,6,530
1536612380,16,710
1536612381,11,322
1536612382,6,146
1536612384,6,171
1536612385,6,228
1536612386,11,409
1536612388,7,290
1536612389,6,464
1536612391,6,294
1536612392,6,195
1536612393,6,239
1536612395,15,718
1536612396,6,84
1536612398,6,416
1536612399,5,316
1536612401,7,333
1536612403,17,889
1536612404,5,76
1536612405,6,274
1536612407,15,1259
1536612409,6,310
1536612411,14,702
1536612412,7,555
1536612414,12,640
1536612416,15,718
1536612418,16,883
1536612419,16,444
1536612421,6,236
1536612422,6,329
1536612424,7,639
1536612425,7,172
1536612426,7,304
1536612428,14,420
1536612430,15,847
1536612431,7,698
1536612433,15,613
1536612434,6,96
1536612436,12,632
1536612438,7,412
1536612439,11,586
1536612441,6,270
1536612442,6,351
1536612443,15,325
1536612445,14,570
1536612446,7,170
1536612448,5,240
1536612449,7,313
1536612450,5,83
1536612451,6,189
1536612453,17,784
1536612455,6,527
1536612456,6,588
1536612458,6,301
1536612459,11,254
1536612460,6,357
1536612462,6,402
1536612463,6,466
1536612465,7,370
1536612467,17,1352
1536612469,15,487
1536612470,7,398
1536612472,13,651
1536612473,6,449
1536612475,6,102
1536612477,16,1767
1536612479,16,888
1536612481,7,337
1536612482,7,403
1536612484,13,787
1536612486,6,456
1536612487,12,438
1536612488,5,244
1536612490,7,685
1536612492,7,420
1536612493,13,536
1536612494,7,204
1536612496,7,139
1536612498,11,954
1536612499,6,221
1536612500,11,451
1536612503,14,1106
1536612504,7,429
1536612505,6,226
1536612507,7,118
1536612508,6,309
1536612509,6,333
1536612511,14,259
1536612512,13,570
1536612514,7,307
1536612516,12,584
1536612517,6,186
1536612518,7,168
1536612519,6,90
1536612521,16,874
1536612522,11,173
1536612524,14,950
1536612526,16,758
1536612528,7,501
1536612529,13,568
1536612531,17,889
1536612533,7,176
1536612534,6,224
1536612536,5,640
1536612537,12,328
1536612538,6,149
1536612539,5,87
1536612541,7,406
1536612542,12,198
1536612544,6,700
1536612545,5,407
1536612547,7,531
1536612548,11,290
1536612550,7,488
1536612551,7,643
1536612553,6,250
1536612554,7,418
1536612556,11,601
1536612557,7,154
1536612559,11,361
1536612560,6,511
1536612562,11,380
1536612563,6,415
1536612564,6,276
1536612566,7,119
1536612567,6,616
1536612569,6,641
1536612570,6,408
1536612572,13,667
1536612574,12,899
1536612575,7,212
1536612577,14,906
1536612579,7,774
1536612581,7,446
1536612582,7,471
1536612584,6,656
1536612586,7,471
1536612587,7,462
1536612589,14,573
1536612591,15,671
1536612592,7,214
1536612593,6,397
1536612595,13,808
1536612597,6,320
1536612598,16,783
1536612600,16,549
1536612601,6,322
1536612604,17,1171
1536612605,6,302
1536612606,11,407
1536612608,14,318
1536612609,5,245
1536612611,6,485
1536612612,6,331
1536612614,12,707
1536612615,6,90
1536612616,5,70
1536612617,7,169
1536612619,6,237
1536612620,12,365
1536612622,16,748
1536612623,6,144
1536612625,11,452
1536612626,6,393
1536612627,6,293
1536612629,12,496
1536612630,7,336
1536612632,6,523
1536612633,5,130
1536612635,15,956
1536612636,5,214
1536612638,5,68
1536612639,6,89
1536612640,6,581
1536612642,6,210
1536612643,15,589
1536612645,13,518
1536612646,6,401
1536612648,7,184
1536612649,7,169
1536612650,6,456
1536612652,16,903
1536612653,5,95
1536612655,5,357
1536612656,7,553
1536612658,6,417
1536612659,6,91
1536612660,6,449
1536612662,11,880
1536612664,12,833
1536612666,6,281
1536612667,6,419
1536612668,6,116
1536612670,6,358
1536612671,7,476
1536612673,7,422
1536612674,13,583
1536612676,6,239
1536612677,6,148
1536612678,5,284
1536612680,15,1004
1536612682,11,567
1536612684,7,544
1536612685,7,597
1536612688,12,1001
1536612689,7,144
1536612691,17,690
1536612692,15,465
1536612694,7,543
1536612695,7,90
1536612697,13,655
1536612698,7,524
1536612701,17,1330
1536612702,7,307
1536612703,5,132
1536612705,11,285
1536612706,7,427
1536612707,5,194
1536612709,6,361
1536612710,14,342
1536612712,12,779
1536612714,14,596
1536612716,11,787
1536612717,12,698
1536612719,5,195
1536612720,6,197
1536612721,5,151
1536612722,5,247
1536612723,6,146
1536612725,7,211
1536612727,11,805
1536612728,6,531
1536612729,6,117
1536612731,7,606
1536612732,7,166
1536612734,6,485
1536612735,6,151
1536612736,6,210
1536612737,7,112
1536612740,16,1011
1536612741,5,104
1536612742,7,349
1536612743,11,303
1536612745,15,447
1536612747,15,467
1536612749,15,599
1536612751,11,928
1536612752,6,391
1536612754,6,423
1536612756,14,943
1536612757,7,403
1536612759,13,1137
1536612761,6,378
1536612762,6,137
1536612763,5,370
1536612765,6,289
1536612766,7,503
1536612768,14,1156
1536612770,7,349
1536612771,7,386
1536612773,15,704
1536612774,6,149
1536612776,7,429
1536612778,11,1000
1536612779,11,400
1536612781,7,693
1536612783,7,487
1536612784,6,536
1536612786,7,568
1536612787,5,227
1536612789,13,511
1536612790,7,514
1536612792,7,252
1536612793,5,105
1536612794,12,442
1536612795,6,250
1536612797,6,319
1536612799,17,1238
1536612801,7,716
1536612803,6,577
1536612805,12,937
1536612806,7,265
1536612807,5,83
1536612808,16,293
1536612810,7,377
1536612812,17,1476
1536612814,12,392
1536612815,7,155
1536612817,17,706
1536612818,6,117
1536612819,13,487
1536612821,6,523
1536612823,14,542
1536612825,17,885
1536612826,7,612
1536612828,7,113
1536612829,6,482
1536612831,6,511
1536612832,16,535
1536612834,7,662
1536612836,15,1129
1536612838,6,428
1536612839,7,517
1536612841,12,574
1536612842,13,475
1536612844,6,622
1536612846,12,1038
1536612848,14,535
1536612850,16,688
1536612851,5,183
1536612853,7,756
1536612854,6,89
1536612855,5,168
1536612857,14,620
1536612858,7,416
1536612860,14,510
1536612861,6,116
1536612863,14,1180
1536612864,5,96
1536612866,6,267
1536612867,15,346
1536612869,6,405
1536612870,14,658
1536612872,16,967
1536612874,17,796
1536612876,6,155
1536612877,6,384
1536612879,6,877
1536612880,5,171
1536612882,7,875
1536612884,6,463
1536612885,5,145
1536612886,6,195
1536612888,7,337
1536612889,12,352
1536612891,13,851
1536612893,7,283
1536612894,6,310
1536612896,15,1058
1536612898,17,1027
1536612900,13,528
1536612901,6,292
1536612902,7,152
1536612904,6,608
1536612905,6,332
1536612907,7,293
1536612908,7,434
1536612910,7,501
1536612911,6,459
1536612913,5,340
1536612914,6,85
1536612916,12,996
1536612917,12,428
1536612919,6,326
1536612921,16,1013
1536612922,5,245
1536612924,13,472
1536612925,7,654
1536612927,7,400
1536612928,6,219
1536612929,5,257
1536612931,7,930
1536612933,7,326
1536612935,15,881
1536612936,6,336
1536612937,12,322
1536612939,6,74
1536612940,6,849
1536612942,6,370
1536612944,14,568
1536612946,15,1183
1536612947,13,341
1536612949,17,642
1536612951,15,956
1536612953,6,584
1536612954,6,184
1536612955,6,274
1536612957,17,691
1536612959,7,483
1536612960,6,386
1536612962,6,376
1536612963,11,520
1536612965,13,578
1536612967,6,451
1536612968,7,160
1536612969,7,154
1536612971,13,741
1536612972,6,302
1536612974,12,315
1536612975,6,127
1536612976,15,587
1536612978,6,309
1536612979,17,579
1536612981,7,193
1536612983,15,788
1536612984,11,534
1536612986,14,606
1536612988,7,423
1536612989,16,336
1536612991,14,733
1536612992,7,327
1536612994,15,636
1536612995,6,333
1536612997,16,529
1536612998,5,69
1536613000,7,438
1536613001,6,599
1536613003,6,281
1536613005,14,1035
1536613006,7,172
1536613008,11,382
1536613009,6,338
1536613011,5,561
1536613012,6,163
1536613013,6,249
1536613015,6,443
1536613016,6,311
1536613018,6,678
1536613019,6,453
1536613021,17,891
1536613023,16,868
1536613025,16,340
1536613026,7,228
1536613027,7,302
1536613029,6,571
1536613031,14,1137
1536613033,7,608
1536613035,14,965
1536613037,17,851
1536613039,14,752
1536613041,17,860
1536613042,5,91
1536613043,7,638
1536613045,7,259
1536613046,17,608
1536613048,14,531
1536613049,6,405
1536613051,5,119
1536613052,7,406
1536613053,7,173
1536613055,17,823
1536613057,7,529
1536613058,6,95
1536613059,6,135
1536613061,7,504
1536613062,16,386
1536613064,7,426
1536613065,11,631
1536613067,6,147
1536613068,13,332
1536613069,6,299
1536613071,7,601
1536613073,7,550
1536613075,12,925
1536613076,7,524
1536613078,7,379
1536613079,6,203
1536613081,13,680
1536613082,17,783
1536613084,12,598
1536613086,7,674
1536613087,6,479
1536613089,6,634
1536613090,7,256
1536613092,13,584
1536613093,5,276
1536613095,6,564
1536613096,6,119
1536613098,6,816
1536613100,13,1113
1536613102,6,250
1536613104,15,970
1536613105,5,251
1536613106,7,187
1536613108,6,373
1536613110,11,915
1536613111,7,318
1536613112,7,212
1536613114,15,675
1536613116,16,547
1536613117,6,195
1536613118,7,332
1536613120,11,683
1536613121,7,258
1536613123,7,174
1536613124,7,398
1536613126,6,668
1536613128,7,678
1536613129,7,331
1536613131,16,985
1536613132,5,386
1536613134,7,217
1536613135,7,422
1536613137,12,768
1536613138,6,111
1536613139,6,220
1536613141,7,495
1536613142,7,423
1536613144,6,533
1536613146,6,696
1536613147,16,504
1536613149,13,668
1536613151,7,283
1536613152,7,600
1536613153,5,195
1536613155,6,400
1536613157,16,892
1536613159,13,774
1536613160,5,85
1536613162,15,950
1536613164,13,797
1536613165,15,467
1536613167,6,129
1536613168,11,625
1536613170,15,632
1536613172,12,673
1536613173,6,371
1536613175,5,373
1536613177,14,921
1536613178,6,437
1536613180,11,681
1536613182,7,564
1536613183,11,818
1536613185,6,458
1536613187,7,439
1536613188,14,874
1536613190,7,279
1536613191,6,581
1536613193,15,565
1536613195,6,766
1536613196,14,455
1536613198,6,338
1536613199,16,294
1536613202,16,1152
1536613203,7,253
1536613205,7,968
1536613206,5,438
1536613208,6,448
1536613209,7,502
1536613211,6,393
1536613212,7,287
1536613213,7,236
1536613215,7,611
1536613217,12,394
1536613218,7,378
1536613220,11,778
1536613222,16,672
1536613223,13,648
1536613225,15,366
1536613226,6,623
1536613228,7,388
1536613229,7,93
1536613231,15,746
1536613232,6,396
1536613234,11,527
1536613235,7,379
1536613237,13,658
1536613238,6,94
1536613239,6,110
1536613240,6,107
1536613243,17,842
1536613244,6,131
1536613245,6,463
1536613246,6,91
1536613248,5,277
1536613249,7,390
1536613250,7,260
1536613252,17,361
1536613254,13,570
1536613256,14,966
1536613258,15,895
1536613259,6,487
1536613261,6,312
1536613262,15,685
1536613265,17,1112
1536613266,6,579
1536613268,17,777
1536613270,7,730
1536613272,6,596
1536613273,7,234
1536613274,13,527
1536613276,5,376
1536613278,16,949
1536613280,6,328
1536613281,7,756
1536613283,12,722
1536613285,7,790
1536613287,17,634
1536613288,7,425
1536613290,6,307
1536613291,6,668
1536613293,15,658
1536613295,7,345
1536613296,6,118
1536613298,14,634
1536613299,12,434
1536613300,7,204
1536613301,6,94
1536613303,7,377
1536613304,6,226
1536613306,6,388
1536613307,13,848
1536613309,7,370
1536613310,5,318
1536613312,6,412
1536613313,6,210
1536613314,5,355
1536613316,6,473
1536613317,12,332
1536613319,7,425
1536613320,6,92
1536613322,6,502
1536613323,5,348
1536613325,6,628
1536613326,7,385
1536613328,6,522
1536613329,5,349
1536613331,6,685
1536613332,7,597
1536613334,7,267
1536613336,12,809
1536613337,15,487
1536613339,5,512
1536613340,6,289
1536613342,7,410
1536613343,16,696
1536613345,6,246
1536613347,17,1165
1536613348,12,141
1536613349,6,250
1536613352,17,1290
1536613354,15,980
1536613355,7,456
1536613357,6,359
1536613358,6,409
1536613360,6,332
1536613361,15,804
1536613363,14,757
1536613365,5,264
1536613366,7,194
1536613367,6,550
1536613369,16,630
1536613371,15,1069
1536613373,7,355
1536613374,17,661
1536613376,6,242
1536613378,16,759
1536613379,6,99
1536613380,6,295
1536613381,5,73
1536613383,17,588
1536613384,7,400
1536613386,14,480
1536613388,17,608
1536613389,12,648
1536613391,13,450
1536613393,6,784
1536613394,11,228
1536613396,16,700
1536613397,7,166
1536613398,6,161
1536613400,7,507
1536613401,5,62
1536613402,6,101
1536613404,15,576
1536613405,7,428
1536613407,7,477
1536613408,5,154
1536613410,17,779
1536613412,12,400
1536613414,12,1047
1536613415,13,636
1536613417,16,555
1536613418,7,269
1536613420,7,897
1536613422,6,343
1536613423,11,577
1536613425,7,696
1536613427,17,838
1536613428,6,216
1536613430,6,564
1536613432,6,659
1536613433,12,558
1536613436,15,951
1536613437,14,337
1536613438,6,380
1536613440,6,609
1536613442,17,965
1536613443,6,92
1536613445,6,412
1536613446,7,226
1536613447,6,213
1536613449,6,537
1536613450,6,203
1536613451,13,183
1536613453,14,667
1536613454,7,171
1536613456,16,584
1536613458,5,542
1536613460,15,537
1536613462,6,1053
1536613463,15,268
1536613465,5,460
1536611512,16,352
1536611519,11,6113
1536611521,13,445
1536611522,7,425
1536611524,12,865
1536611526,11,392
1536611527,7,357
1536611529,5,477
1536611530,5,178
1536611532,15,839
1536611533,5,108
1536611535,11,313
1536611537,13,1039
1536611539,15,595
1536611540,12,414
1536611541,11,210
1536611542,7,165
1536611545,15,952
1536611547,13,1240
1536611549,11,1252
1536611551,13,539
1536611552,6,228
1536611553,7,195
1536611555,6,413
1536611557,16,577
1536611558,5,278
1536611560,12,920
1536611562,17,905
1536611563,6,99
1536611564,5,307
1536611566,7,101
1536611567,6,411
1536611569,6,338
1536611570,5,99
1536611572,7,911
1536611573,6,139
1536611575,14,595
1536611576,16,693
1536611578,6,716
1536611580,7,395
1536611581,6,264
1536611582,5,86
1536611583,5,91
1536611585,6,479
1536611586,6,351
1536611588,7,436
1536611589,6,465
1536611591,6,667
1536611593,13,739
1536611594,6,256
1536611596,11,560
1536611598,17,1275
1536611599,7,278
1536611600,6,110
1536611602,6,316
1536611603,6,471
1536611605,16,792
1536611607,7,678
1536611608,7,183
1536611610,11,511
1536611612,17,1323
1536611614,17,796
1536611615,6,108
1536611617,6,324
1536611618,13,368
1536611620,14,1149
1536611622,7,503
1536611623,5,455
1536611625,5,285
1536611626,7,346
1536611628,12,643
1536611629,6,305
1536611631,16,515
1536611632,6,450
1536611634,16,752
1536611636,11,231
1536611637,7,459
1536611639,12,870
1536611640,5,154
1536611642,6,352
1536611643,7,573
1536611645,6,563
1536611647,6,458
1536611649,7,879
1536611650,7,569
1536611652,12,619
1536611653,7,319
1536611655,7,570
1536611656,6,162
1536611658,7,355
1536611659,6,487
1536611661,15,807
1536611663,5,319
1536611664,7,427
1536611665,6,77
1536611667,6,486
1536611668,7,435
1536611670,12,550
1536611671,7,615
1536611674,17,978
1536611675,17,848
1536611677,7,546
1536611679,7,614
1536611680,7,105
1536611681,7,130
1536611683,7,669
1536611684,6,503
1536611686,14,668
1536611688,7,607
1536611689,16,537
1536611691,5,449
1536611692,6,387
1536611694,6,170
1536611695,7,112
1536611696,6,100
1536611697,13,470
1536611699,6,174
1536611701,14,949
1536611703,15,1289
1536611704,6,365
1536611706,15,1060
1536611708,11,536
1536611710,6,369
1536611712,12,820
1536611714,14,891
1536611715,7,479
1536611717,6,388
1536611718,13,298
1536611719,7,373
1536611721,6,487
1536611722,6,291
1536611724,6,539
1536611726,15,702
1536611727,7,348
1536611729,7,677
1536611730,13,416
1536611731,6,106
1536611733,7,784
1536611735,12,715
1536611736,6,276
1536611738,15,481
1536611739,7,429
1536611741,7,422
1536611742,6,439
1536611745,17,1303
1536611747,16,838
1536611749,15,670
1536611750,5,146
1536611751,6,470
1536611753,6,330
1536611754,6,383
1536611756,12,1036
1536611758,12,688
1536611760,14,949
1536611762,6,390
1536611763,14,730
1536611765,7,350
1536611766,6,397
1536611768,7,607
1536611769,6,433
1536611771,6,394
1536611772,16,424
1536611774,12,519
1536611776,7,767
1536611778,15,657
1536611779,6,78
1536611780,15,452
1536611781,6,154
1536611783,6,94
1536611784,6,461
1536611785,5,107
1536611787,16,765
1536611789,15,737
1536611791,15,1241
1536611793,11,544
1536611795,11,869
1536611796,15,653
1536611798,15,573
1536611800,17,554
1536611801,5,87
1536611802,17,527
1536611804,7,352
1536611806,7,659
1536611807,7,818
1536611809,6,919
1536611811,6,493
1536611813,17,1030
1536611814,7,143
1536611816,15,776
1536611818,17,702
1536611820,6,581
1536611821,7,364
1536611822,13,469
1536611824,6,229
1536611826,17,798
1536611827,6,474
1536611829,14,422
1536611830,13,293
1536611832,6,317
1536611833,7,570
1536611835,17,468
1536611836,7,383
1536611837,6,96
1536611839,14,1023
1536611841,12,678
1536611843,14,594
1536611845,15,1291
1536611847,13,942
1536611849,6,316
1536611850,14,682
1536611852,7,353
1536611853,5,333
1536611855,6,223
1536611856,7,473
1536611858,7,552
1536611859,6,340
1536611860,7,198
1536611862,7,134
1536611864,17,1516
1536611866,6,782
1536611867,6,108
1536611869,13,493
1536611870,7,278
1536611871,7,183
1536611873,5,83
1536611874,7,279
1536611875,7,283
1536611878,14,1317
1536611879,11,622
1536611881,13,311
1536611883,13,824
1536611884,6,554
1536611886,6,262
1536611887,7,131
1536611888,16,610
1536611890,6,304
1536611891,7,317
1536611893,6,532
1536611894,13,404
1536611896,16,1074
1536611898,17,838
1536611900,7,330
1536611901,7,654
1536611903,7,415
1536611905,6,591
1536611906,5,666
1536611908,6,381
1536611909,7,424
1536611911,16,672
1536611913,7,786
1536611914,6,431
1536611916,6,353
1536611917,12,230
1536611918,6,233
1536611920,6,294
1536611921,13,598
1536611923,6,500
1536611925,13,720
1536611926,11,669
1536611929,14,1092
1536611930,6,558
1536611932,6,103
1536611934,16,1757
1536611936,12,550
1536611938,15,1041
1536611940,13,1090
1536611943,15,872
1536611944,7,573
1536611946,7,513
1536611947,6,472
1536611949,12,340
1536611950,6,133
1536611951,5,180
1536611953,16,342
1536611954,6,230
1536611955,7,296
1536611957,6,281
1536611958,6,185
1536611959,6,209
1536611961,15,801
1536611963,17,868
1536611965,15,612
1536611966,6,464
1536611968,6,239
1536611970,14,711
1536611971,13,879
1536611973,6,264
1536611974,7,530
1536611977,17,1054
1536611978,6,155
1536611980,17,876
1536611981,7,127
1536611983,6,504
1536611985,6,1169
1536611986,6,363
1536611987,6,98
1536611989,6,448
1536611990,5,205
1536611992,14,549
1536611993,7,370
1536611995,15,923
1536611996,6,213
1536611998,16,709
1536612000,6,278
1536612001,14,658
1536612003,12,262
1536612004,7,174
1536612006,16,505
1536612007,7,416
1536612009,12,580
1536612010,6,432
1536612011,6,226
1536612013,7,113
1536612014,6,345
1536612016,13,636
1536612017,12,335
1536612019,6,405
1536612020,6,646
1536612022,6,449
1536612023,7,573
1536612025,6,484
1536612027,7,761
1536612028,6,480
1536612029,6,130
1536612031,13,642
1536612033,6,300
1536612034,7,326
1536612036,14,719
1536612037,6,437
1536612039,11,615
1536612040,7,137
1536612042,16,577
1536612043,7,280
1536612045,7,319
1536612046,11,837
1536612048,12,666
1536612049,7,114
1536612051,7,583
1536612053,16,922
1536612054,11,245
1536612056,11,411
1536612057,6,230
1536612059,7,449
1536612060,13,475
1536612062,6,417
1536612063,7,448
1536612064,6,137
1536612066,14,783
1536612068,16,519
1536612069,6,252
1536612070,7,214
1536612072,11,685
1536612073,6,258
1536612075,7,455
1536612077,7,682
1536612078,6,637
1536612080,7,215
1536612081,17,408
1536612083,14,465
1536612085,17,811
1536612086,15,714
1536612088,14,815
1536612090,12,935
1536612092,13,871
1536612094,13,288
1536612095,5,83
1536612096,6,269
1536612098,13,776
1536612099,6,331
1536612101,14,1059
1536612103,5,468
1536612105,17,668
1536612107,7,727
1536612108,7,278
1536612109,6,246
1536612111,7,486
1536612112,7,192
1536612114,14,1029
1536612116,6,397
1536612117,6,152
1536612118,6,370
1536612119,7,168
1536612122,16,939
1536612123,6,308
1536612124,5,86
1536612126,12,833
1536612127,6,235
1536612129,6,448
1536612131,16,761
1536612133,16,1189
1536612134,7,341
1536612136,16,936
1536612138,6,759
1536612140,12,227
1536612141,13,622
1536612143,5,457
1536612144,5,507
1536612146,7,418
1536612147,6,342
1536612149,17,588
1536612150,7,231
1536612152,15,754
1536612154,14,978
1536612156,7,465
1536612157,6,97
1536612159,12,714
1536612160,12,847
1536612162,6,471
1536612163,6,441
1536612165,6,537
1536612167,7,752
1536612168,5,231
1536612170,13,355
1536612171,7,353
1536612173,15,1155
1536612175,6,242
1536612176,12,257
1536612177,11,475
1536612179,6,86
1536612180,6,570
1536612182,14,663
1536612184,16,962
1536612185,6,188
1536612187,11,576
1536612189,11,704
1536612190,11,306
1536612192,7,330
1536612193,7,446
1536612195,11,706
1536612197,12,624
1536612198,7,156
1536612200,15,699
1536612201,12,369
1536612203,12,596
1536612204,6,553
1536612206,11,766
1536612208,15,552
1536612209,11,643
1536612211,7,199
1536612212,7,468
1536612214,15,715
1536612216,7,477
1536612217,6,387
1536612219,6,443
1536612220,5,273
1536612222,6,595
1536612223,6,428
1536612224,6,202
1536612226,5,238
1536612227,7,170
1536612228,6,283
1536612230,6,419
1536612231,6,360
1536612232,11,408
1536612234,14,402
1536612235,7,457
1536612237,7,410
1536612239,15,1086
1536612241,6,429
1536612242,11,708
1536612244,13,791
1536612246,6,713
1536612247,6,489
1536612249,17,706
1536612251,7,271
1536612253,17,1250
1536612254,6,153
1536612256,6,334
1536612257,13,617
1536612258,6,110
1536612260,12,196
1536612261,5,300
1536612263,6,459
1536612264,6,290
1536612265,7,341
1536612266,5,159
1536612269,15,1159
1536612270,7,697
1536612273,15,1108
1536612274,6,435
1536612276,7,344
1536612278,17,1100
1536612279,7,286
1536612281,6,475
1536612282,5,190
1536612284,14,595
1536612285,6,97
1536612286,7,424
1536612287,7,114
1536612289,6,292
1536612290,6,194
1536612291,7,384
1536612293,7,192
1536612294,7,259
1536612295,17,425
1536612297,7,267
1536612299,13,722
1536612300,7,196
1536612301,11,463
1536612303,7,545
1536612304,7,359
1536612306,6,110
1536612308,17,1077
1536612309,15,547
1536612311,6,146
1536612312,6,199
1536612314,7,685
1536612315,6,119
1536612316,6,393
1536612318,6,344
1536612319,7,544
1536612321,14,936
1536612323,7,525
1536612325,6,672
1536612326,6,480
1536612328,6,234
1536612329,6,258
1536612331,11,565
1536612332,6,434
1536612334,6,465
1536612335,14,297
1536612337,11,460
1536612338,7,728
1536612340,7,180
1536612341,11,558
1536612343,6,468
1536612344,7,238
1536612345,6,99
1536612347,6,754
1536612348,7,451
1536612350,6,703
