timestamp,kw_lengh,took_ms
1529618432,1,18
1529618433,3,105
1529618434,2,22
1529618435,1,74
1529618437,3,161
1529618438,3,209
1529618439,1,10
1529618440,1,9
1529618441,3,107
1529618442,3,75
1529618443,2,32
1529618444,2,80
1529618445,3,83
1529618446,3,45
1529618447,1,104
1529618449,1,70
1529618450,3,125
1529618451,2,84
1529618452,3,77
1529618453,2,26
1529618454,1,189
1529618455,1,195
1529618456,1,65
1529618458,3,209
1529618459,2,108
1529618460,1,10
1529618461,3,173
1529618462,2,210
1529618463,4,103
1529618464,3,144
1529618465,3,47
1529618466,1,17
1529618468,2,96
1529618469,2,111
1529618470,3,38
1529618471,1,95
1529618472,2,37
1529618473,1,77
1529618474,1,11
1529618475,1,113
1529618476,3,79
1529618477,3,84
1529618478,1,13
1529618479,2,116
1529618480,2,78
1529618482,2,140
1529618483,3,213
1529618484,2,221
1529618485,2,74
1529618486,1,116
1529618487,3,49
1529618488,1,12
1529618489,2,109
1529618491,3,125
1529618492,3,61
1529618493,2,80
1529618494,1,89
1529618495,1,149
1529618496,3,227
1529618497,2,182
1529618499,3,149
1529618500,2,157
1529618501,1,21
1529618502,2,145
1529618503,2,109
1529618504,3,24
1529618505,2,111
1529618506,1,13
1529618507,2,76
1529618508,2,27
1529618509,1,8
1529618511,2,202
1529618512,3,180
1529618513,3,129
1529618514,1,232
1529618515,4,99
1529618516,1,112
1529618517,1,11
1529618519,2,113
1529618520,1,12
1529618521,1,76
1529618522,3,150
1529618523,2,24
1529618524,2,24
1529618525,2,64
1529618526,3,77
1529618527,2,147
1529618528,3,145
1529618529,1,105
1529618531,2,120
1529618532,3,110
1529618533,3,39
1529618534,2,44
1529618535,1,97
1529618536,2,84
1529618537,3,119
1529618538,2,109
1529618539,3,146
1529618540,2,37
1529618542,2,193
1529618543,3,151
1529618544,3,44
1529618545,2,91
1529618546,1,12
1529618547,2,133
1529618548,1,88
1529618549,2,165
1529618551,3,264
1529618552,2,131
1529618553,4,101
1529618554,1,144
1529618555,2,196
1529618556,3,121
1529618557,1,49
1529618559,1,116
1529618560,2,107
1529618561,3,135
1529618562,3,111
1529618563,3,49
1529618564,1,114
1529618565,3,154
1529618566,2,20
1529618567,2,121
1529618569,2,222
1529618570,2,116
1529618571,3,150
1529618572,3,137
1529618573,3,78
1529618574,3,78
1529618575,3,29
1529618576,1,90
1529618578,1,101
1529618579,3,163
1529618580,2,135
1529618581,2,31
1529618582,2,103
1529618583,1,210
1529618585,3,326
1529618586,3,124
1529618587,2,19
1529618588,1,231
1529618589,3,71
1529618590,1,22
1529618591,1,17
1529618592,1,95
1529618593,1,19
1529618594,2,84
1529618595,3,139
1529618597,2,159
1529618598,1,15
1529618599,3,105
1529618600,3,194
1529618601,3,209
1529618602,3,153
1529618603,3,86
1529618605,1,108
1529618606,1,83
1529618607,1,53
1529618608,3,91
1529618609,3,39
1529618610,2,167
1529618611,3,99
1529618612,2,21
1529618613,3,136
1529618614,2,21
1529618615,1,107
1529618617,2,105
1529618618,2,31
1529618619,3,133
1529618620,2,136
1529618621,2,107
1529618622,1,12
1529618623,2,21
1529618624,2,158
1529618625,3,138
1529618626,3,94
1529618628,2,130
1529618629,2,234
1529618630,3,118
1529618631,1,109
1529618632,2,98
1529618633,2,189
1529618634,1,133
1529618636,3,170
1529618637,2,18
1529618638,2,110
1529618639,1,164
1529618640,3,203
1529618641,3,113
1529618642,3,83
1529618643,1,13
1529618645,1,79
1529618646,1,94
1529618647,2,20
1529618648,3,76
1529618649,3,61
1529618650,2,59
1529618651,1,83
1529618652,1,98
1529618653,1,94
1529618654,3,147
1529618655,1,23
1529618656,1,124
1529618658,2,130
1529618659,3,95
1529618660,1,73
1529618661,2,183
1529618662,1,11
1529618663,1,55
1529618664,1,73
1529618665,3,154
1529618667,3,189
1529618668,1,21
1529618669,2,128
1529618670,3,203
1529618671,1,17
1529618672,3,131
1529618673,1,21
1529618674,2,66
1529618675,1,67
1529618676,1,12
1529618677,2,29
1529618678,3,73
1529618679,2,106
1529618681,2,22
1529618682,2,91
1529618683,4,107
1529618684,2,72
1529618685,2,82
1529618686,1,11
1529618687,2,123
1529618688,1,52
1529618689,1,17
1529618690,3,119
1529618691,2,27
1529618693,1,238
1529618694,2,92
1529618695,3,101
1529618696,3,160
1529618697,3,133
1529618698,2,20
1529618699,1,149
1529618700,2,15
1529618701,1,149
1529618703,3,122
1529618704,3,112
1529618705,2,57
1529618706,3,159
1529618707,2,30
1529618708,2,16
1529618709,1,47
1529618710,2,204
1529618711,1,87
1529618712,1,74
1529618714,3,182
1529618715,1,55
1529618716,2,55
1529618717,1,46
1529618718,2,73
1529618719,2,23
1529618720,1,92
1529618721,1,121
1529618722,1,119
1529618723,3,96
1529618724,2,71
1529618726,2,193
1529618727,2,65
1529618728,1,68
1529618729,2,139
1529618730,2,206
1529618731,2,99
1529618732,2,34
1529618733,1,121
1529618734,1,17
1529618736,2,156
1529618737,3,48
1529618738,3,152
1529618739,1,73
1529618740,2,59
1529618741,1,67
1529618742,2,124
1529618743,3,153
1529618744,1,28
1529618745,2,28
1529618746,1,69
1529618748,1,56
1529618749,1,81
1529618750,1,91
1529618751,1,167
1529618752,3,157
1529618753,3,111
1529618754,1,68
1529618755,2,23
1529618756,2,110
1529618757,1,64
1529618759,3,31
1529618760,2,132
1529618761,1,13
1529618762,1,28
1529618763,2,21
1529618764,3,27
1529618765,2,175
1529618766,1,17
1529618767,1,15
1529618768,2,86
1529618769,1,46
1529618770,2,122
1529618771,2,150
1529618773,1,81
1529618774,2,160
1529618775,2,162
1529618776,3,95
1529618777,1,16
1529618778,1,104
1529618779,2,58
1529618780,2,160
1529618781,1,119
1529618782,1,19
1529618784,1,18
1529618785,3,185
1529618786,2,18
1529618787,2,88
1529618788,2,24
1529618789,2,91
1529618790,2,111
1529618791,3,116
1529618792,1,104
1529618793,1,168
1529618795,1,14
1529618796,3,49
1529618797,3,80
1529618798,1,155
1529618799,3,139
1529618800,2,21
1529618801,3,140
1529618802,3,64
1529618803,1,172
1529618804,1,11
1529618806,3,184
1529618807,2,80
1529618808,1,22
1529618809,1,68
1529618810,2,110
1529618811,2,21
1529618812,2,21
1529618813,2,124
1529618814,2,165
1529618815,2,138
1529618817,3,98
1529618818,1,156
1529618819,1,58
1529618820,2,66
1529618821,3,204
1529618822,1,83
1529618823,2,85
1529618824,3,31
1529618825,1,12
1529618826,2,80
1529618828,3,207
1529618829,1,111
1529618830,1,11
1529618831,1,79
1529618832,2,176
1529618833,3,101
1529618834,2,121
1529618835,3,124
1529618837,3,136
1529618838,2,102
1529618839,1,19
1529618840,2,94
1529618841,1,19
1529618842,1,151
1529618843,2,131
1529618844,3,128
1529618845,1,57
1529618846,1,5
1529618847,1,13
1529618848,2,29
1529618849,1,93
1529618851,2,126
1529618852,1,11
1529618853,2,58
1529618854,2,23
1529618855,1,12
1529618856,2,24
1529618857,3,181
1529618858,1,10
1529618859,2,142
1529618860,3,50
1529618861,1,178
1529618863,3,127
1529618864,2,139
1529618865,3,43
1529618866,3,181
1529618867,2,24
1529618868,3,98
1529618869,1,69
1529618870,1,15
1529618871,3,31
1529618872,3,23
1529618873,1,86
1529618874,2,25
1529618875,2,128
1529618877,3,157
1529618878,3,31
1529618879,3,74
1529618880,1,114
1529618881,1,154
1529618882,2,105
1529618883,1,98
1529618884,4,200
1529618885,1,13
1529618887,1,168
1529618888,3,103
1529618889,3,132
1529618890,3,113
1529618891,3,50
1529618892,1,28
1529618893,2,63
1529618894,1,14
1529618895,2,31
1529618896,1,105
1529618897,2,33
1529618898,1,70
1529618900,2,139
1529618901,3,81
1529618902,1,52
1529618903,3,74
1529618904,3,24
1529618905,2,30
1529618906,2,190
1529618907,1,12
1529618908,1,53
1529618909,3,100
1529618910,4,164
1529618912,2,59
1529618913,3,76
1529618914,2,209
1529618915,2,93
1529618916,2,21
1529618917,3,131
1529618918,3,176
1529618919,1,13
1529618920,2,150
1529618922,2,94
1529618923,1,70
1529618924,2,85
1529618925,3,138
1529618926,1,13
1529618927,3,178
1529618928,1,13
1529618929,3,127
1529618930,1,151
1529618932,3,97
1529618933,3,191
1529618934,3,168
1529618935,2,180
1529618936,2,34
1529618937,1,12
1529618938,2,70
1529618939,3,25
1529618940,2,29
1529618941,1,13
1529618942,3,118
1529618943,2,17
1529618945,1,103
1529618946,1,94
1529618947,2,156
1529618948,2,48
1529618949,2,25
1529618950,2,153
1529618951,3,28
1529618952,2,288
1529618953,1,10
1529618954,2,18
1529618956,1,87
1529618957,2,51
1529618958,3,94
1529618959,1,188
1529618960,1,5
1529618961,2,123
1529618962,1,109
1529618963,2,32
1529618964,2,161
1529618965,1,58
1529618967,1,80
1529618968,1,14
1529618969,3,148
1529618970,1,124
1529618971,3,73
1529618972,3,184
1529618973,1,11
1529618974,3,46
1529618975,2,18
1529618976,1,81
1529618978,1,211
1529618979,1,79
1529618980,1,14
1529618981,3,181
1529618982,2,163
1529618983,1,58
1529618984,3,45
1529618985,1,13
1529618986,3,132
1529618987,1,13
1529618988,3,71
1529618990,2,124
1529618991,2,24
1529618992,3,43
1529618993,3,222
1529618994,1,164
1529618995,1,18
1529618996,1,168
1529618997,2,105
1529618998,3,94
1529618999,1,15
1529619000,2,23
1529619002,1,17
1529619003,3,169
1529619004,3,88
1529619005,1,13
1529619006,3,140
1529619007,1,63
1529619008,3,30
1529619009,3,29
1529619010,2,37
1529619011,1,111
1529619012,2,89
1529619013,3,26
1529619015,3,186
1529619016,2,130
1529619017,3,195
1529619018,1,74
1529619019,1,17
1529619020,1,77
1529619021,2,116
1529619022,3,30
1529619023,3,163
1529619025,3,63
1529619026,2,144
1529619027,1,13
1529619028,3,93
1529619029,2,101
1529619030,2,76
1529619031,3,159
1529619032,2,69
1529619033,2,136
1529619035,1,120
1529619036,2,98
1529619037,2,97
1529619038,2,94
1529619039,2,19
1529619040,2,112
1529619041,3,42
1529619042,1,11
1529619043,1,20
1529619044,2,18
1529619045,2,27
1529619046,1,106
1529619047,3,117
1529619048,1,90
1529619049,3,32
1529619051,2,22
1529619052,2,74
1529619053,3,239
1529619054,3,245
1529619055,2,152
1529619056,1,111
1529619058,3,121
1529619059,1,20
1529619060,3,164
1529619061,1,66
1529619062,3,89
1529619063,2,198
1529619064,2,78
1529619065,1,94
1529619066,2,18
1529619067,2,20
1529619069,3,215
1529619070,1,14
1529619071,1,83
1529619072,3,79
1529619073,3,77
1529619074,1,14
1529619075,3,147
1529619076,1,63
1529619077,1,14
1529619078,1,17
1529619079,2,152
1529619080,1,17
1529619081,3,73
1529619083,3,169
1529619084,1,15
1529619085,1,99
1529619086,2,88
1529619087,1,115
1529619088,2,175
1529619089,2,83
1529619090,2,97
1529619091,1,85
1529619092,2,89
1529619094,2,40
1529619095,3,42
1529619096,1,20
1529619097,3,85
1529619098,1,15
1529619099,3,115
1529619100,3,173
1529619101,3,167
1529619102,1,93
1529619103,3,56
1529619105,3,122
1529619106,1,12
1529619107,3,89
1529619108,1,11
1529619109,2,28
1529619110,2,15
1529619111,2,174
1529619112,3,167
1529619113,3,29
1529619114,2,84
1529619115,1,12
1529619116,2,182
1529619118,2,223
1529619119,2,213
1529619120,2,109
1529619121,3,64
1529619122,3,117
1529619123,3,132
1529619124,3,96
1529619126,2,199
1529619127,1,15
1529619128,3,183
1529619129,2,95
1529619130,2,145
1529619131,2,81
1529619132,2,101
1529619133,1,11
1529619134,3,122
1529619135,2,19
1529619136,1,17
1529619138,3,134
1529619139,1,165
1529619140,2,114
1529619141,1,9
1529619142,2,113
1529619143,3,110
1529619144,3,42
1529619145,1,93
1529619146,2,16
1529619148,1,234
1529619149,1,90
1529619150,1,23
1529619151,2,118
1529619152,3,61
1529619153,2,76
1529619154,4,29
1529619155,1,22
1529619156,1,15
1529619157,1,16
1529619158,2,127
1529619159,3,22
1529619160,1,90
1529619161,1,64
1529619163,3,100
1529619164,1,60
1529619165,3,27
1529619166,3,78
1529619167,3,142
1529619168,2,155
1529619169,3,87
1529619170,3,164
1529619171,2,95
1529619172,1,62
1529619174,2,72
1529619175,1,49
1529619176,2,170
1529619177,3,96
1529619178,2,83
1529619179,2,76
1529619180,2,170
1529619181,1,12
1529619182,2,104
1529619184,3,123
1529619185,1,93
1529619186,1,13
1529619187,3,172
1529619188,3,173
1529619189,1,67
1529619190,3,32
1529619191,3,180
1529619192,2,23
1529619193,2,87
1529619195,1,75
1529619196,3,87
1529619197,2,23
1529619198,3,89
1529619199,1,19
1529619200,3,121
1529619201,1,18
1529619202,1,18
1529619203,3,139
1529619204,2,116
1529619205,3,32
1529619206,1,76
1529619208,3,185
1529619209,2,110
1529619210,3,94
1529619211,1,69
1529619212,3,32
1529619213,3,143
1529619214,2,79
1529619215,2,31
1529619216,3,28
1529619217,3,35
1529619218,3,35
1529619219,2,38
1529619220,2,66
1529619221,1,12
1529619222,2,73
1529619224,2,22
1529619225,3,93
1529619226,1,18
1529619227,3,41
1529619228,2,26
1529619229,1,129
1529619230,2,77
1529619231,3,95
1529619232,1,102
1529619233,2,31
1529619234,2,112
1529619235,1,145
1529619236,1,18
1529619238,1,52
1529619239,3,142
1529619240,3,23
1529619241,3,29
1529619242,3,31
1529619243,1,89
1529619244,1,10
1529619245,2,59
1529619246,3,141
1529619247,3,208
1529619248,2,84
1529619249,2,18
1529619251,2,79
1529619252,3,88
1529619253,2,197
1529619254,2,55
1529619255,2,24
1529619256,3,151
1529619257,3,107
1529619258,2,76
1529619259,3,109
1529619261,2,93
1529619262,3,121
1529619263,2,76
1529619264,1,69
1529619265,3,26
1529619266,1,110
1529619267,1,53
1529619268,3,167
1529619269,1,98
1529619270,3,106
1529619271,3,80
1529619273,2,30
1529619274,3,76
1529619275,1,108
1529619276,2,26
1529619277,1,22
1529619278,2,130
1529619279,1,92
1529619280,1,15
1529619281,3,25
1529619282,3,63
1529619283,3,86
1529619284,1,17
1529619285,2,105
1529619286,3,81
1529619288,3,144
1529619289,3,37
1529619290,2,166
1529619291,3,174
1529619292,2,70
1529619293,1,38
1529619294,2,50
1529619295,3,28
1529619296,2,156
1529619297,1,77
1529619299,1,67
1529619300,1,12
1529619301,3,177
1529619302,1,12
1529619303,2,20
1529619304,1,62
1529619305,1,18
1529619306,3,118
1529619307,1,94
1529619308,2,18
1529619309,3,94
1529619310,3,135
1529619312,3,173
1529619313,1,12
1529619314,1,15
1529619315,2,152
1529619316,2,54
1529619317,1,68
1529619318,2,36
1529619319,3,41
1529619320,2,91
1529619321,3,26
1529619322,3,142
1529619323,1,74
1529619325,2,105
1529619326,1,160
1529619327,3,114
1529619328,2,170
1529619329,2,113
1529619330,2,136
1529619331,1,49
1529619332,3,82
1529619333,2,102
1529619335,2,55
1529619336,2,123
1529619337,3,183
1529619338,3,75
1529619339,3,122
1529619340,1,146
1529619341,2,64
1529619342,2,33
1529619344,2,147
1529619345,1,72
1529619346,2,115
1529619347,3,27
1529619348,2,188
1529619349,1,20
1529619350,2,22
1529619351,2,120
1529619352,2,70
1529619353,1,15
1529619354,1,19
1529619355,3,34
1529619356,2,42
1529619357,1,67
1529619359,3,167
1529619360,3,117
1529619361,3,23
1529619362,3,288
1529619363,3,118
1529619364,3,180
1529619365,3,73
1529619367,1,131
1529619368,2,80
1529619369,3,76
1529619370,1,73
1529619371,3,35
1529619372,3,196
1529619373,3,108
1529619374,3,169
1529619375,2,94
1529619377,3,37
1529619378,3,27
1529619379,2,194
1529619380,2,78
1529619381,2,26
1529619382,3,118
1529619383,3,125
1529619384,3,67
1529619385,2,83
1529619386,2,141
1529619388,2,121
1529619389,3,68
1529619390,3,142
1529619391,2,85
1529619392,1,98
1529619393,1,85
1529619394,1,112
1529619395,2,83
1529619396,1,60
1529619398,1,170
1529619399,3,137
1529619400,1,121
1529619401,3,35
1529619402,3,194
1529619403,3,24
1529619404,4,93
1529619405,1,75
1529619406,1,6
1529619407,2,76
1529619408,1,80
1529619410,2,130
1529619411,3,31
1529619412,3,219
1529619413,1,23
1529619414,3,126
1529619415,3,108
1529619416,2,119
1529619417,2,164
1529619418,2,31
1529619420,1,14
1529619421,3,25
1529619422,2,99
1529619423,2,127
1529619424,2,124
1529619425,3,124
1529619426,3,28
1529619427,3,31
1529619428,1,19
1529619429,1,12
1529619430,3,30
1529619431,1,109
1529619432,1,10
1529619433,1,139
1529619435,1,13
1529619436,2,83
1529619437,1,89
1529619438,1,16
1529619439,3,142
1529619440,1,49
1529619441,2,92
1529619442,3,162
1529619443,3,23
1529619444,3,134
1529619445,1,122
1529619447,3,26
1529619448,1,195
1529619449,1,18
1529619450,2,27
1529619451,1,67
1529619452,3,156
1529619453,1,16
1529619454,3,174
1529619455,1,68
1529619456,2,64
1529619457,2,64
1529619459,1,77
1529619460,3,143
1529619461,3,29
1529619462,3,35
1529619463,3,195
1529619464,1,63
1529619465,2,94
1529619466,2,116
1529619467,1,71
1529619468,1,74
1529619469,1,12
1529619471,2,85
1529619472,3,234
1529619473,1,63
1529619474,3,70
1529619475,1,113
1529619476,3,118
1529619477,2,121
1529619478,1,75
1529619480,3,161
1529619481,3,95
1529619482,1,107
1529619483,2,145
1529619484,4,45
1529619485,1,10
1529619486,2,63
1529619487,2,124
1529619488,2,79
1529619489,2,104
1529619490,2,30
1529619492,1,109
1529619493,3,90
1529619494,2,28
1529619495,3,118
1529619496,1,132
1529619497,2,140
1529619498,1,13
1529619499,2,83
1529619500,3,145
1529619501,2,94
1529619503,3,210
1529619504,2,127
1529619505,1,82
1529619506,2,43
1529619507,2,34
1529619508,1,106
1529619509,2,153
1529619510,3,148
1529619512,2,62
1529619513,1,152
1529619514,3,70
1529619515,1,18
1529619516,2,149
1529619517,1,65
1529619518,1,14
1529619519,2,116
1529619520,3,163
1529619522,2,182
1529619523,1,17
1529619524,1,103
1529619525,1,12
1529619526,2,54
1529619527,1,136
1529619528,2,55
1529619529,3,46
1529619530,1,16
1529619531,2,75
1529619532,3,195
1529619533,2,21
1529619534,3,42
1529619536,3,195
1529619537,2,22
1529619538,2,22
1529619539,3,89
1529619540,1,20
1529619541,2,88
1529619542,2,178
1529619543,3,84
1529619544,3,159
1529619545,3,132
1529619546,2,32
1529619548,2,26
1529619549,3,89
1529619550,1,82
1529619551,1,15
1529619552,2,89
1529619553,2,77
1529619554,3,97
1529619555,3,163
1529619556,2,77
1529619557,1,70
1529619558,2,20
1529619559,1,105
1529619561,3,169
1529619562,2,69
1529619563,1,72
1529619564,3,141
1529619565,3,37
1529619566,3,48
1529619567,2,83
1529619568,1,25
1529619569,2,23
1529619570,2,96
1529619571,3,105
1529619573,1,122
1529619574,1,103
1529619575,3,81
1529619576,1,19
1529619577,2,175
1529619578,1,135
1529619579,2,23
1529619580,1,121
1529619581,3,102
1529619583,3,108
1529619584,2,90
1529619585,1,11
1529619586,2,34
1529619587,3,31
1529619588,1,69
1529619589,2,82
1529619590,3,34
1529619591,1,128
1529619592,2,154
1529619593,2,104
1529619594,1,74
1529619596,4,144
1529619597,3,82
1529619598,3,77
1529619599,3,30
1529619600,3,35
1529619601,3,146
1529619602,1,111
1529619603,2,24
1529619604,2,37
1529619605,2,72
1529619606,1,12
1529619607,2,106
1529619608,1,81
1529619610,1,112
1529619611,2,40
1529619612,3,97
1529619613,3,120
1529619614,2,167
1529619615,2,73
1529619616,1,15
1529619617,1,56
1529619618,2,121
1529619619,1,11
1529619620,4,122
1529619622,3,143
1529619623,3,141
1529619624,1,95
1529619625,1,119
1529619626,2,157
1529619627,1,129
1529619628,3,82
1529619630,1,163
1529619631,1,18
1529619632,3,165
1529619633,2,39
1529619634,1,14
1529619635,3,221
1529619636,2,97
1529619637,1,23
1529619638,1,104
1529619639,3,165
1529619641,3,89
1529619642,3,170
1529619643,1,86
1529619644,2,256
1529619645,1,101
1529619646,2,87
1529619647,3,78
1529619648,3,58
1529619650,3,43
1529619651,1,16
1529619652,1,15
1529619653,3,161
1529619654,1,13
1529619655,2,163
1529619656,2,62
1529619657,3,121
1529619658,4,147
1529619659,2,51
1529619660,1,132
1529619662,2,35
1529619663,2,25
1529619664,3,123
1529619665,1,84
1529619666,2,132
1529619667,2,178
1529619668,2,38
1529619669,1,56
1529619670,3,125
1529619671,1,10
1529619672,1,55
1529619673,3,54
1529619675,2,146
1529619676,3,150
1529619677,1,21
1529619678,1,18
1529619679,1,11
1529619680,1,82
1529619681,4,124
1529619682,2,187
1529619683,2,108
1529619685,3,203
1529619686,2,29
1529619687,1,65
1529619688,3,146
1529619689,3,39
1529619690,2,124
1529619691,3,130
1529619692,2,25
1529619693,2,191
1529619694,3,28
1529619695,1,15
1529619697,3,127
1529619698,2,114
1529619699,3,105
1529619700,1,256
1529619701,1,96
1529619702,3,256
1529619704,1,112
1529619705,3,95
1529619706,1,12
1529619707,3,40
1529619708,1,8
1529619709,2,74
1529619710,3,248
1529619711,2,68
1529619712,1,13
1529619713,3,178
1529619715,1,94
1529619716,3,106
1529619717,2,69
1529619718,3,101
1529619719,2,101
1529619720,1,96
1529619721,2,75
1529619722,3,103
1529619723,3,26
1529619724,2,91
1529619725,1,86
1529619727,1,99
1529619728,2,30
1529619729,1,50
1529619730,1,65
1529619731,1,12
1529619732,2,63
1529619733,3,183
1529619734,1,116
1529619735,2,27
1529619736,1,84
1529619737,2,25
1529619738,3,134
1529619740,3,86
1529619741,1,111
1529619742,3,121
1529619743,1,77
1529619744,1,64
1529619745,3,155
1529619746,1,14
1529619747,2,36
1529619748,2,21
1529619749,2,83
1529619750,1,14
1529619751,3,125
1529619753,3,111
1529619754,3,77
1529619755,2,24
1529619756,1,56
1529619757,3,135
1529619758,2,26
1529619759,1,7
1529619760,2,173
1529619761,1,91
1529619762,1,74
1529619763,2,120
1529619765,4,228
1529619766,3,37
1529619767,1,10
1529619768,1,14
1529619769,1,95
1529619770,1,15
1529619771,2,35
1529619772,3,176
1529619773,3,35
1529619774,2,128
1529619775,1,14
1529619776,1,11
1529619777,3,99
1529619779,3,166
1529619780,3,103
1529619781,1,55
1529619782,3,114
1529619783,3,74
1529619784,3,43
1529619785,1,15
1529619786,3,168
1529619787,2,19
1529619788,1,161
1529619789,3,47
1529619791,3,75
1529619792,3,72
1529619793,3,34
1529619794,2,104
1529619795,3,78
1529619796,1,25
1529619797,2,185
1529619798,3,162
1529619799,2,19
1529619800,3,25
1529619801,3,33
1529619802,1,61
1529619804,2,126
1529619805,1,17
1529619806,3,174
1529619807,3,93
1529619808,1,11
1529619809,3,103
1529619810,3,87
1529619811,3,41
1529619812,3,28
1529619813,2,17
1529619814,1,92
1529619816,3,186
1529619817,2,128
1529619818,2,39
1529619819,1,88
1529619820,2,78
1529619821,1,14
1529619822,1,102
1529619823,1,108
1529619824,2,42
1529619825,1,10
1529619826,1,120
1529619827,1,6
1529619828,2,27
1529619829,2,56
1529619830,2,25
1529619832,3,148
1529619833,1,16
1529619834,2,106
1529619835,1,12
1529619836,1,132
1529619837,2,113
1529619838,2,38
1529619839,2,147
1529619840,4,148
1529619842,2,142
1529619843,3,76
1529619844,1,13
1529619845,2,42
1529619846,2,73
1529619847,1,20
1529619848,3,181
1529619849,3,47
1529619850,3,73
1529619851,3,88
1529619852,3,32
1529619853,3,44
1529619854,1,11
1529619855,2,25
1529619856,1,12
1529619858,2,177
1529619859,2,85
1529619860,2,77
1529619861,3,24
1529619862,3,114
1529619863,3,94
1529619864,3,45
1529619865,1,62
1529619866,2,101
1529619867,1,163
1529619868,2,37
1529619870,3,176
1529619871,2,101
1529619872,1,93
1529619873,2,29
1529619874,1,100
1529619875,3,85
1529619876,3,26
1529619877,1,15
1529619878,2,214
1529619879,1,43
1529619881,2,112
1529619882,2,62
1529619883,2,30
1529619884,3,185
1529619885,1,11
1529619886,3,154
1529619887,1,76
1529619888,1,99
1529619889,1,12
1529619890,2,99
1529619891,1,14
1529619892,2,89
1529619894,3,204
1529619895,2,163
1529619896,1,97
1529619897,1,13
1529619898,3,118
1529619899,2,96
1529619900,1,12
1529619901,3,103
1529619902,3,116
1529619903,1,11
1529619905,3,207
1529619906,2,20
1529619907,1,119
1529619908,3,175
1529619909,3,93
1529619910,3,130
1529619911,2,30
1529619912,2,163
1529619913,1,15
1529619915,3,91
1529619916,4,34
1529619917,1,15
1529619918,1,56
1529619919,1,16
1529619920,3,55
1529619921,1,16
1529619922,2,59
1529619923,3,74
1529619924,3,200
1529619925,3,25
1529619926,3,70
1529619927,2,178
1529619929,3,96
1529619930,1,13
1529619931,1,99
1529619932,4,111
1529619933,3,108
1529619934,1,104
1529619935,3,185
1529619936,1,19
1529619937,4,174
1529619938,1,20
1529619940,2,71
1529619941,2,94
1529619942,2,19
1529619943,1,13
1529619944,2,27
1529619945,2,262
1529619946,3,93
1529619947,2,169
1529619948,2,168
1529619949,1,14
1529619951,3,63
1529619952,1,12
1529619953,2,91
1529619954,3,160
1529619955,2,21
1529619956,1,10
1529619957,1,13
1529619958,3,124
1529619959,1,12
1529619960,3,74
1529619961,3,196
1529619962,2,140
1529619964,2,92
1529619965,1,114
1529619966,2,25
1529619967,1,61
1529619968,2,23
1529619969,2,66
1529619970,3,28
1529619971,4,127
1529619972,3,87
1529619973,1,77
1529619974,1,21
1529619975,2,33
1529619976,3,143
1529619978,3,110
1529619979,1,10
1529619980,3,90
1529619981,1,75
1529619982,1,12
1529619983,1,83
1529619984,3,190
1529619985,2,22
1529619986,2,155
1529619987,2,83
1529619989,4,104
1529619990,2,88
1529619991,2,24
1529619992,1,98
1529619993,2,181
1529619994,1,13
1529619995,3,75
1529619996,2,139
1529619997,2,24
1529619998,3,105
1529619999,3,112
1529620001,3,140
1529620002,2,140
1529620003,1,16
1529620004,1,16
1529620005,1,13
1529620006,3,87
1529620007,3,38
1529620008,2,68
1529620009,2,23
1529620010,3,31
1529620011,2,74
1529620012,2,89
1529620013,3,83
1529620014,1,52
1529620015,1,19
1529620017,2,141
1529620018,1,92
1529620019,2,116
1529620020,1,15
1529620021,2,145
1529620022,2,126
1529620023,1,13
1529620024,3,75
1529620025,3,151
1529620027,2,93
1529620028,2,35
1529620029,3,166
1529620030,2,45
1529620031,2,67
1529620032,1,15
1529620033,1,35
1529620034,1,14
1529620035,3,88
1529620036,1,19
1529620037,1,12
1529620038,1,83
1529620039,3,155
1529620040,2,152
1529620042,2,36
1529620043,2,56
1529620044,1,13
1529620045,2,24
1529620046,3,394
1529620047,3,36
1529620048,2,61
1529620049,2,24
1529620050,2,117
1529620051,3,41
1529620052,3,46
1529620053,1,15
1529620055,2,88
1529620056,3,176
1529620057,2,23
1529620058,2,115
1529620059,1,16
1529620060,2,32
1529620061,3,158
1529620062,3,44
1529620063,2,101
1529620064,1,50
1529620065,1,16
1529620066,3,93
1529620067,1,22
1529620068,1,5
1529620070,2,27
1529620071,1,79
1529620072,2,134
1529620073,2,69
1529620074,1,11
1529620075,1,153
1529620076,1,126
1529620077,2,152
1529620078,3,158
1529620079,1,15
1529620081,1,36
1529620082,1,14
1529620083,1,168
1529620084,1,215
1529620085,1,11
1529620086,2,67
1529620087,2,71
1529620088,2,82
1529620089,2,117
1529620091,2,179
1529620092,2,23
1529620093,3,32
1529620094,2,77
1529620095,1,16
1529620096,2,21
1529620097,1,19
1529620098,3,70
1529620099,3,140
1529620100,1,13
1529620101,3,222
1529620102,3,155
1529620103,3,83
1529620105,2,30
1529620106,3,114
1529620107,3,171
1529620108,1,13
1529620109,2,19
1529620110,2,92
1529620111,3,105
1529620112,1,11
1529620113,2,48
1529620114,1,124
1529620115,3,32
1529620116,2,141
1529620118,3,28
1529620119,1,21
1529620120,2,20
1529620121,3,74
1529620122,3,91
1529620123,2,111
1529620124,3,72
1529620125,1,105
1529620126,1,97
1529620127,3,176
1529620128,1,16
1529620129,1,11
1529620130,2,18
1529620132,3,161
1529620133,1,84
1529620134,2,108
1529620135,3,36
1529620136,3,99
1529620137,3,36
1529620138,2,23
1529620139,3,115
1529620140,1,8
1529620141,1,79
1529620142,2,97
1529620144,3,180
1529620145,3,33
1529620146,2,170
1529620147,2,20
1529620148,3,33
1529620149,3,38
1529620150,3,48
1529620151,3,102
1529620152,2,28
1529620153,1,49
1529620154,2,129
1529620155,1,61
1529620156,3,42
1529620157,2,120
1529620159,3,37
1529620160,3,87
1529620161,1,138
1529620162,3,72
1529620163,1,14
1529620164,2,95
1529620165,1,11
1529620166,1,35
1529620167,1,132
1529620168,3,116
1529620169,2,120
1529620170,1,12
1529620172,1,168
1529620173,2,28
1529620174,1,80
1529620175,1,12
1529620176,1,20
1529620177,2,64
1529620178,3,107
1529620179,3,30
1529620180,3,207
1529620181,2,131
1529620182,3,39
1529620183,4,32
1529620185,2,49
1529620186,3,51
1529620187,3,197
1529620188,2,189
1529620189,1,17
1529620190,1,15
1529620191,3,86
1529620192,2,70
1529620193,1,11
1529620194,3,94
1529620195,1,14
1529620196,2,32
1529620197,2,97
1529620199,2,22
1529620200,2,39
1529620201,1,110
1529620202,2,133
1529620203,2,145
1529620204,2,218
1529620205,2,34
1529620206,1,12
1529620207,2,49
1529620208,3,65
1529620210,2,102
1529620211,2,27
1529620212,2,29
1529620213,2,129
1529620214,3,26
1529620215,1,46
1529620216,3,124
1529620217,1,51
1529620218,2,178
1529620219,3,143
1529620220,1,14
1529620221,2,20
1529620222,3,34
1529620224,2,169
1529620225,1,56
1529620226,1,48
1529620227,2,86
1529620228,1,12
1529620229,1,9
1529620230,2,88
1529620231,1,13
1529620232,3,133
1529620233,3,98
1529620234,1,96
1529620235,2,21
1529620236,2,110
1529620238,3,29
1529620239,2,29
1529620240,3,78
1529620241,2,123
1529620242,3,111
1529620243,3,86
1529620244,3,235
1529620245,1,11
1529620246,2,29
1529620247,1,15
1529620248,1,17
1529620249,1,15
1529620251,2,169
1529620252,2,78
1529620253,2,77
1529620254,1,69
1529620255,3,173
1529620256,3,74
1529620257,3,34
1529620258,3,87
1529620259,1,47
1529620260,3,92
1529620261,2,134
1529620263,2,105
1529620264,1,85
1529620265,1,101
1529620266,2,62
1529620267,2,103
1529620268,3,95
1529620269,2,43
1529620270,1,10
1529620271,1,101
1529620272,3,53
1529620273,1,11
1529620274,2,37
1529620275,2,31
1529620276,3,93
1529620278,2,35
1529620279,2,97
1529620280,1,12
1529620281,3,33
1529620282,2,82
1529620283,2,33
1529620284,1,129
1529620285,3,109
1529620286,3,108
1529620287,1,81
1529620288,3,153
1529620290,3,372
1529620291,2,150
1529620292,2,108
1529620293,2,90
1529620294,3,64
1529620295,1,10
1529620296,1,12
1529620297,1,19
1529620298,3,105
1529620300,2,145
1529620301,2,28
1529620302,2,20
1529620303,1,18
1529620304,2,95
1529620305,1,158
1529620306,2,82
1529620307,1,99
1529620308,2,246
1529620310,2,82
1529620311,3,110
1529620312,2,43
1529620313,4,24
1529620314,1,14
1529620315,3,34
1529620316,2,15
1529620317,3,87
1529620318,1,139
1529620319,3,29
1529620320,3,32
1529620321,2,35
1529620322,3,180
1529620323,3,76
1529620325,2,186
1529620326,1,87
1529620327,1,89
1529620328,1,14
1529620329,2,94
1529620330,3,146
1529620331,2,95
1529620332,1,12
1529620333,3,94
1529620334,3,62
1529620335,1,80
1529620337,3,151
1529620338,1,52
1529620339,2,28
1529620340,2,83
1529620341,3,131
1529620342,2,33
1529620343,1,13
1529620344,1,119
1529620345,2,98
1529620346,3,35
1529620347,1,11
1529620348,1,10
1529620349,1,14
1529620350,1,12
1529620351,3,25
1529620352,2,80
1529620354,1,16
1529620355,2,82
1529620356,3,138
1529620357,2,105
1529620358,3,160
1529620359,1,13
1529620360,1,13
1529620361,2,81
1529620362,2,126
1529620363,2,160
1529620365,1,99
1529620366,2,147
1529620367,3,98
1529620368,1,12
1529620369,3,106
1529620370,3,95
1529620371,2,34
1529620372,2,101
1529620373,1,12
1529620374,3,126
1529620375,3,27
1529620377,3,97
1529620378,1,24
1529620379,2,200
1529620380,2,42
1529620381,3,73
1529620382,1,10
1529620383,2,168
1529620384,1,9
1529620385,1,6
1529620386,1,116
1529620387,2,25
1529620388,1,92
1529620389,2,27
1529620390,1,16
1529620391,1,13
1529620392,2,20
1529620394,2,25
1529620395,2,76
1529620396,1,87
1529620397,2,46
1529620398,3,29
1529620399,2,24
1529620400,1,17
1529620401,1,13
1529620402,2,83
1529620403,1,98
1529620404,3,29
1529620405,1,14
1529620406,3,135
1529620407,3,164
1529620408,3,47
1529620410,2,83
1529620411,1,14
1529620412,1,108
1529620413,2,38
1529620414,2,110
1529620415,2,23
1529620416,2,92
1529620417,3,93
1529620418,3,82
1529620419,1,102
1529620420,1,12
1529620421,3,80
1529620423,2,140
1529620424,2,33
1529620425,3,29
1529620426,3,84
1529620427,2,94
1529620428,3,123
1529620429,2,27
1529620430,3,92
1529620431,2,127
1529620432,1,9
1529620433,1,84
1529620434,3,35
1529620435,3,81
1529620437,3,179
1529620438,2,59
1529620439,3,91
1529620440,3,43
1529620441,2,145
1529620442,3,168
1529620443,2,76
1529620444,1,13
1529620445,1,15
1529620447,3,203
1529620448,3,101
1529620449,1,12
1529620450,1,12
1529620451,2,114
1529620452,1,112
1529620453,2,76
1529620454,3,63
1529620455,3,90
1529620456,2,34
1529620457,2,93
1529620458,3,38
1529620459,2,36
1529620461,1,150
1529620462,3,159
1529620463,1,76
1529620464,1,113
1529620465,2,23
1529620466,1,13
1529620467,1,21
1529620468,1,12
1529620469,2,164
1529620470,3,183
1529620472,3,137
1529620473,1,13
1529620474,2,155
1529620475,1,9
1529620476,1,68
1529620477,3,111
1529620478,1,89
1529620479,1,21
1529620480,3,65
1529620481,1,15
1529620482,1,151
1529620483,2,113
1529620484,1,25
1529620486,3,199
1529620487,1,11
1529620488,2,48
1529620489,2,36
1529620490,3,27
1529620491,3,62
1529620492,1,63
1529620493,1,78
1529620494,1,112
1529620495,2,35
1529620496,4,171
1529620497,3,32
1529620498,1,14
1529620500,2,40
1529620501,3,29
1529620502,2,33
1529620503,1,16
1529620504,2,161
1529620505,1,13
1529620506,1,85
1529620507,1,14
1529620508,2,101
1529620509,3,74
1529620510,2,47
1529620511,1,109
1529620512,3,132
1529620514,3,154
1529620515,2,89
1529620516,2,55
1529620517,1,18
1529620518,2,24
1529620519,2,36
1529620520,3,204
1529620521,3,39
1529620522,3,45
1529620523,3,27
1529620524,3,152
1529620525,3,97
1529620526,2,23
1529620527,1,20
1529620529,1,85
1529620530,3,136
1529620531,3,296
1529620532,2,27
1529620533,2,25
1529620534,2,31
1529620535,1,73
1529620536,1,11
1529620537,3,26
1529620538,3,149
1529620539,1,55
1529620541,1,55
1529620542,2,117
1529620543,2,137
1529620544,1,16
1529620545,3,138
1529620546,2,91
1529620547,1,19
1529620548,1,56
1529620549,1,14
1529620550,1,12
1529620551,1,11
1529620552,2,128
1529620554,3,142
1529620555,4,75
1529620556,3,59
1529620557,3,33
1529620558,3,184
1529620559,4,120
1529620560,2,77
1529620561,1,12
1529620562,3,120
1529620563,3,111
1529620564,3,30
1529620565,1,14
1529620567,2,76
1529620568,1,10
1529620569,2,146
1529620570,3,34
1529620571,3,31
1529620572,1,13
1529620573,2,87
1529620574,2,77
1529620575,3,40
1529620576,2,26
1529620577,1,77
1529620578,1,62
1529620579,1,65
1529620580,3,95
1529620581,1,13
1529620582,1,12
1529620583,3,43
1529620585,3,28
1529620586,3,228
1529620587,1,98
1529620588,1,57
1529620589,3,154
1529620590,2,34
1529620591,3,57
1529620592,3,28
1529620593,3,26
1529620594,3,117
1529620595,2,53
1529620596,1,11
1529620598,3,176
1529620599,2,20
1529620600,3,140
1529620601,2,29
1529620602,1,132
1529620603,2,134
1529620604,1,84
1529620605,2,37
1529620606,2,37
1529620607,1,18
1529620608,3,80
1529620610,3,91
1529620611,2,40
1529620612,1,12
1529620613,2,152
1529620614,3,32
1529620615,1,13
1529620616,3,155
1529620617,3,72
1529620618,1,13
1529620619,3,195
1529620620,1,12
1529620621,2,127
1529620623,1,92
1529620624,3,105
1529620625,2,163
1529620626,3,89
1529620627,4,204
1529620628,2,158
1529620629,3,141
1529620631,3,97
1529620632,1,13
1529620633,3,44
1529620634,1,12
1529620635,1,13
1529620636,1,93
1529620637,1,87
1529620638,4,75
1529620639,1,103
1529620640,3,122
1529620641,3,123
1529620643,2,170
1529620644,2,101
1529620645,1,23
1529620646,2,83
1529620647,3,96
1529620648,2,65
1529620649,1,9
1529620650,1,226
1529620651,1,17
1529620652,3,126
1529620653,2,119
1529620655,3,177
1529620656,2,81
1529620657,3,185
1529620658,2,138
1529620659,3,39
1529620660,3,136
1529620661,3,126
1529620663,1,104
1529620664,3,188
1529620665,2,83
1529620666,1,22
1529620667,3,188
1529620668,3,87
1529620669,1,183
1529620670,2,88
1529620671,3,27
1529620673,2,163
1529620674,3,189
1529620675,3,102
1529620676,2,198
1529620677,3,121
1529620678,3,105
1529620679,3,108
1529620681,3,154
1529620682,3,186
1529620683,1,15
1529620684,2,26
1529620685,2,194
1529620686,2,35
1529620687,3,82
1529620688,1,26
1529620689,2,123
1529620690,3,34
1529620691,2,30
1529620693,2,36
1529620694,3,189
1529620695,3,70
1529620696,3,123
1529620697,2,79
1529620698,3,31
1529620699,1,27
1529620700,2,127
1529620701,1,15
1529620702,2,29
1529620703,2,182
1529620704,3,32
1529620706,3,132
1529620707,2,62
1529620708,2,71
1529620709,1,84
1529620710,1,56
1529620711,1,86
1529620712,2,66
1529620713,2,87
1529620714,2,25
1529620715,3,120
1529620716,1,65
1529620717,1,13
1529620719,1,80
1529620720,2,24
1529620721,1,12
1529620722,3,104
1529620723,2,19
1529620724,3,104
1529620725,3,86
1529620726,3,104
1529620727,4,61
1529620728,2,63
1529620729,1,54
1529620730,1,44
1529620731,3,33
1529620732,1,7
1529620733,4,82
1529620735,1,70
1529620736,2,134
1529620737,2,108
1529620738,2,58
1529620739,2,33
1529620740,3,159
1529620741,1,59
1529620742,2,35
1529620743,2,148
1529620744,1,13
1529620745,1,12
1529620746,1,11
1529620747,3,81
1529620749,3,157
1529620750,1,20
1529620751,1,15
1529620752,3,76
1529620753,3,82
1529620754,1,11
1529620755,2,85
1529620756,2,22
1529620757,2,109
1529620758,1,13
1529620759,2,26
1529620760,3,99
1529620761,3,54
1529620762,3,134
1529620764,3,25
1529620765,1,148
1529620766,2,92
1529620767,1,74
1529620768,2,79
1529620769,3,226
1529620770,2,100
1529620771,2,95
1529620772,3,35
1529620774,1,151
1529620775,3,101
1529620776,1,98
1529620777,1,19
1529620778,2,140
1529620779,3,144
1529620780,3,124
1529620781,3,147
1529620783,1,102
1529620784,2,19
1529620785,3,35
1529620786,2,19
1529620787,3,52
1529620788,2,21
1529620789,3,129
1529620790,1,13
1529620791,3,114
1529620792,2,86
1529620793,1,92
1529620794,2,73
1529620795,2,172
1529620797,1,131
1529620798,4,42
1529620799,1,75
1529620800,2,100
1529620801,3,55
1529620802,3,159
1529620803,1,12
1529620804,3,53
1529620805,3,161
1529620806,2,192
1529620808,1,89
1529620809,2,25
1529620810,2,91
1529620811,3,136
1529620812,2,158
1529620813,3,168
1529620814,2,150
1529620815,1,12
1529620817,2,122
1529620818,2,78
1529620819,3,106
1529620820,1,15
1529620821,2,22
1529620822,1,57
1529620823,1,13
1529620824,1,67
1529620825,3,116
1529620826,3,127
1529620827,1,17
1529620828,3,153
1529620829,1,21
1529620830,2,37
1529620832,1,111
1529620833,3,152
1529620834,3,22
1529620835,3,195
1529620836,2,146
1529620837,4,37
1529620838,2,229
1529620839,1,10
1529620840,2,73
1529620842,3,125
1529620843,3,95
1529620844,1,11
1529620845,2,63
1529620846,2,35
1529620847,1,12
1529620848,1,17
1529620849,1,14
1529620850,2,126
1529620851,3,146
1529620852,2,21
1529620853,3,192
1529620855,2,138
1529620856,3,152
1529620857,2,193
1529620858,3,181
1529620859,1,16
1529620860,2,40
1529620861,1,16
1529620862,2,25
1529620863,2,106
1529620864,1,55
1529620865,2,40
1529620867,3,125
1529620868,2,93
1529620869,2,71
1529620870,1,81
1529620871,1,10
1529620872,2,82
1529620873,1,114
1529620874,1,13
1529620875,1,16
1529620876,1,12
1529620877,1,13
1529620878,2,63
1529620879,3,141
1529620880,2,56
1529620882,4,142
1529620883,2,25
1529620884,2,21
1529620885,2,33
1529620886,1,11
1529620887,3,173
1529620888,1,91
1529620889,1,15
1529620890,2,20
1529620891,1,13
1529620892,3,141
1529620893,1,158
1529620895,1,71
1529620896,1,115
1529620897,1,15
1529620898,2,70
1529620899,2,70
1529620900,3,105
1529620901,2,51
1529620902,2,132
1529620903,1,54
1529620904,1,19
1529620905,1,57
1529620906,3,115
1529620907,1,61
1529620909,3,89
1529620910,3,31
1529620911,1,13
1529620912,2,78
1529620913,2,199
1529620914,3,160
1529620915,2,67
1529620916,2,27
1529620917,1,10
1529620918,2,25
1529620919,1,13
1529620920,1,12
1529620921,1,18
1529620922,3,124
1529620923,1,13
1529620925,3,222
1529620926,3,170
1529620927,1,18
1529620928,3,50
1529620929,4,84
1529620930,2,22
1529620931,1,11
1529620932,3,126
1529620933,2,133
1529620934,1,28
1529620935,2,36
1529620937,3,234
1529620938,2,155
1529620939,1,72
1529620940,1,17
1529620941,2,134
1529620942,2,33
1529620943,3,160
1529620944,2,26
1529620945,2,61
1529620946,2,32
1529620948,3,168
1529620949,1,15
1529620950,1,89
1529620951,1,21
1529620952,3,71
1529620953,2,15
1529620954,2,26
1529620955,3,165
1529620956,2,97
1529620957,2,176
1529620958,3,75
1529620959,1,12
1529620960,1,16
1529620962,2,35
1529620963,1,11
1529620964,3,185
1529620965,2,34
1529620966,3,219
1529620967,3,188
1529620968,1,53
1529620969,3,154
1529620970,3,65
1529620972,2,70
1529620973,1,69
1529620974,3,128
1529620975,1,31
1529620976,3,187
1529620977,1,96
1529620978,2,93
1529620979,3,185
1529620981,1,77
1529620982,1,17
1529620983,2,76
1529620984,1,83
1529620985,3,40
1529620986,3,91
1529620987,3,72
1529620988,1,93
1529620989,1,60
1529620990,3,40
1529620991,1,102
1529620992,3,127
1529620994,2,139
1529620995,1,16
1529620996,2,178
1529620997,2,29
1529620998,3,185
1529620999,2,28
1529621000,1,74
1529621001,3,31
1529621002,2,20
1529621003,2,23
1529621004,2,122
1529621005,1,17
1529621006,1,12
1529621007,2,85
1529621008,1,13
1529621010,3,295
1529621011,1,23
1529621012,3,150
1529621013,3,75
1529621014,3,184
1529621015,2,80
1529621017,2,163
1529621018,2,130
1529621019,3,69
1529621020,3,175
1529621021,1,22
1529621022,1,163
1529621023,1,58
1529621024,1,20
1529621025,1,51
1529621026,1,181
1529621028,2,99
1529621029,3,35
1529621030,2,26
1529621031,1,13
1529621032,3,76
1529621033,1,83
1529621034,3,87
1529621035,1,13
1529621036,1,11
1529621037,1,85
1529621038,3,270
1529621039,3,32
1529621041,3,134
1529621042,2,99
1529621043,1,14
1529621044,3,88
1529621045,2,22
1529621046,1,101
1529621047,3,42
1529621048,2,79
1529621049,3,46
1529621050,1,16
1529621051,3,147
1529621052,2,82
1529621053,3,116
1529621054,1,10
1529621055,1,13
1529621057,3,32
1529621058,2,229
1529621059,4,168
1529621060,1,193
1529621061,2,119
1529621062,3,178
1529621064,2,113
1529621065,2,86
1529621066,1,13
1529621067,1,80
1529621068,2,191
1529621069,3,35
1529621070,3,33
1529621071,3,41
1529621072,3,28
1529621073,3,176
1529621074,3,43
1529621075,2,27
1529621076,2,23
1529621077,1,13
1529621078,1,26
1529621080,2,72
1529621081,3,174
1529621082,2,150
1529621083,3,108
1529621084,2,169
1529621085,2,25
1529621086,3,176
1529621088,1,86
1529621089,3,123
1529621090,3,38
1529621091,3,43
1529621092,2,29
1529621093,1,106
1529621094,1,11
1529621095,1,21
1529621096,2,23
1529621097,3,30
1529621098,3,209
1529621099,1,130
1529621100,3,31
1529621101,3,66
1529621103,3,44
1529621104,3,209
1529621105,3,38
1529621106,3,59
1529621107,1,95
1529621108,3,189
1529621109,2,104
1529621110,2,87
1529621111,3,82
1529621113,3,150
1529621114,1,22
1529621115,1,13
1529621116,3,109
1529621117,1,13
1529621118,2,77
1529621119,2,70
1529621120,3,33
1529621121,3,191
1529621122,2,61
1529621123,1,19
1529621124,1,71
1529621125,3,35
1529621126,3,39
1529621128,3,85
1529621129,1,11
1529621130,3,42
1529621131,3,171
1529621132,3,155
1529621133,1,81
1529621134,3,133
1529621135,2,67
1529621136,2,149
1529621137,2,15
1529621138,1,13
1529621140,3,40
1529621141,3,24
1529621142,2,26
1529621143,2,112
1529621144,3,128
1529621145,2,72
1529621146,2,38
1529621147,2,64
1529621148,1,12
1529621149,1,80
1529621150,2,22
1529621151,1,11
1529621152,3,89
1529621153,3,62
1529621154,3,70
1529621156,3,176
1529621157,3,29
1529621158,4,70
1529621159,1,221
1529621160,1,10
1529621161,3,65
1529621162,3,89
1529621163,3,175
1529621165,2,144
1529621166,2,88
1529621167,1,83
1529621168,1,16
1529621169,3,133
1529621170,2,135
1529621171,3,137
1529621172,2,159
1529621173,3,149
1529621175,1,13
1529621176,1,11
1529621177,2,29
1529621178,3,65
1529621179,2,77
1529621180,2,88
1529621181,2,77
1529621182,2,106
1529621183,2,136
1529621184,2,22
1529621185,2,90
1529621186,2,75
1529621188,3,199
1529621189,4,164
1529621190,1,12
1529621191,3,195
1529621192,3,84
1529621193,2,33
1529621194,3,127
1529621195,2,75
1529621197,3,250
1529621198,2,91
1529621199,2,69
1529621200,3,30
1529621201,2,78
1529621202,3,23
1529621203,2,22
1529621204,2,24
1529621205,1,155
1529621206,3,29
1529621207,2,61
1529621208,2,23
1529621209,1,69
1529621210,2,19
1529621211,1,14
1529621213,1,100
1529621214,2,28
1529621215,2,20
1529621216,2,84
1529621217,2,30
1529621218,1,12
1529621219,2,26
1529621220,1,64
1529621221,3,226
1529621222,1,16
1529621223,1,95
1529621224,1,93
1529621225,3,77
1529621227,1,121
1529621228,2,142
1529621229,2,35
1529621230,2,133
1529621231,1,11
1529621232,3,39
1529621233,2,133
1529621234,2,72
1529621235,1,20
1529621236,2,153
1529621237,2,26
1529621238,2,129
1529621240,2,23
1529621241,1,129
1529621242,2,154
1529621243,3,83
1529621244,1,15
1529621245,3,91
1529621246,2,81
1529621247,2,120
1529621248,1,83
1529621249,1,14
1529621250,3,74
1529621252,3,75
1529621253,3,205
1529621254,3,39
1529621255,3,171
1529621256,1,12
1529621257,3,156
1529621258,1,19
1529621259,3,262
1529621261,3,89
1529621262,3,167
1529621263,2,28
1529621264,3,131
1529621265,1,14
1529621266,1,73
1529621267,1,21
1529621268,4,45
1529621269,2,23
1529621270,1,130
1529621271,1,11
1529621272,3,132
1529621274,3,98
1529621275,4,44
1529621276,1,11
1529621277,2,82
1529621278,1,60
1529621279,1,49
1529621280,2,37
1529621281,1,67
1529621282,1,14
1529621283,1,12
1529621284,3,25
1529621285,1,12
1529621286,2,26
1529621287,1,16
1529621288,1,48
1529621289,1,18
1529621290,1,118
1529621291,3,185
1529621293,4,70
1529621294,1,19
1529621295,2,85
1529621296,1,13
1529621297,2,61
1529621298,3,117
1529621299,3,125
1529621300,3,156
1529621301,3,82
1529621302,4,41
1529621303,3,33
1529621304,3,45
1529621305,1,14
1529621307,2,78
1529621308,1,11
1529621309,2,93
1529621310,3,41
1529621311,2,27
1529621312,2,38
1529621313,2,32
1529621314,1,14
1529621315,1,13
1529621316,1,66
1529621317,4,72
1529621318,1,20
1529621319,3,88
1529621320,1,12
1529621321,3,52
1529621322,3,81
1529621323,1,16
1529621324,2,28
1529621325,3,77
1529621327,3,154
1529621328,1,147
1529621329,3,104
1529621330,2,62
1529621331,3,93
1529621332,2,34
1529621333,2,62
1529621334,1,14
1529621335,1,73
1529621336,2,42
1529621337,1,5
1529621338,2,49
1529621340,3,170
1529621341,1,11
1529621342,3,23
1529621343,2,20
1529621344,2,22
1529621345,1,84
1529621346,3,104
1529621347,2,32
1529621348,3,196
1529621349,1,14
1529621350,2,90
1529621351,2,37
1529621352,1,88
1529621353,1,21
1529621355,3,145
1529621356,2,105
1529621357,3,207
1529621358,2,122
1529621359,2,92
1529621360,3,31
1529621361,2,136
1529621362,3,76
1529621363,2,74
1529621365,2,32
1529621366,3,158
1529621367,2,163
1529621368,3,294
1529621369,3,27
1529621370,1,77
1529621371,3,86
1529621372,3,135
1529621374,3,92
1529621375,2,78
1529621376,3,160
1529621377,3,151
1529621378,3,71
1529621379,3,85
1529621380,3,231
1529621381,1,11
1529621382,1,12
1529621384,3,128
1529621385,1,17
1529621386,1,15
1529621387,1,14
1529621388,2,205
1529621389,1,96
1529621390,1,109
1529621391,1,10
1529621392,2,76
1529621393,1,15
1529621394,3,215
1529621396,3,133
1529621397,2,87
1529621398,1,88
1529621399,3,177
1529621400,3,26
1529621401,1,36
1529621402,3,94
1529621403,1,14
1529621404,3,28
1529621405,2,30
1529621406,1,120
1529621407,1,86
1529621409,1,58
1529621410,2,158
1529621411,3,24
1529621412,4,141
1529621413,2,68
1529621414,1,15
1529621415,2,27
1529621416,1,60
1529621417,3,77
1529621418,1,67
1529621419,1,109
1529621420,3,31
1529621422,4,128
1529621423,1,16
1529621424,2,37
1529621425,2,119
1529621426,2,141
1529621427,1,12
1529621428,2,78
1529621429,2,86
1529621430,1,14
1529621431,2,170
1529621432,3,139
1529621434,4,80
1529621435,3,102
1529621436,1,14
1529621437,1,22
1529621438,2,146
1529621439,3,210
1529621440,1,56
1529621441,2,68
1529621442,1,97
1529621443,3,85
1529621444,2,82
1529621446,1,17
1529621447,2,134
1529621448,1,13
1529621449,1,132
1529621450,1,21
1529621451,3,69
1529621452,3,178
1529621453,1,12
1529621454,3,130
1529621455,1,130
1529621457,2,160
1529621458,3,98
1529621459,2,20
1529621460,1,11
1529621461,2,94
1529621462,1,11
1529621463,3,36
1529621464,2,34
1529621465,2,23
1529621466,1,14
1529621467,1,61
1529621468,3,36
1529621469,1,109
1529621470,2,156
1529621472,3,145
1529621473,2,48
1529621474,1,112
1529621475,3,30
1529621476,2,36
1529621477,3,86
1529621478,1,18
1529621479,1,16
1529621480,2,176
1529621481,2,82
1529621482,2,77
1529621483,3,43
1529621484,2,33
1529621485,2,114
1529621487,2,75
1529621488,3,50
1529621489,3,26
1529621490,2,163
1529621491,3,90
1529621492,1,61
1529621493,3,111
1529621494,3,80
1529621495,3,113
1529621496,1,102
1529621497,3,47
1529621499,2,33
1529621500,3,52
1529621501,3,25
1529621502,3,154
1529621503,3,118
1529621504,1,11
1529621505,1,12
1529621506,1,18
1529621507,1,13
1529621508,2,84
1529621509,1,15
1529621510,2,25
1529621511,1,13
1529621512,1,73
1529621513,3,199
1529621515,2,185
1529621516,1,32
1529621517,2,94
1529621518,4,162
1529621519,2,64
1529621520,3,41
1529621521,3,130
1529621522,2,99
1529621523,2,149
1529621525,1,60
1529621526,3,137
1529621527,1,18
1529621528,1,20
1529621529,1,17
1529621530,1,17
1529621531,4,171
1529621532,2,53
1529621533,1,10
1529621534,2,34
1529621535,2,71
1529621536,3,42
1529621537,1,100
1529621538,3,127
1529621539,1,14
1529621541,2,33
1529621542,3,29
1529621543,1,6
1529621544,2,74
1529621545,2,44
1529621546,2,100
1529621547,3,47
1529621548,2,162
1529621549,1,12
1529621550,3,36
1529621551,2,64
1529621552,3,80
1529621553,2,21
1529621554,1,69
1529621555,1,83
1529621556,3,39
1529621558,3,202
1529621559,3,37
1529621560,2,29
1529621561,1,24
1529621562,3,71
1529621563,3,198
1529621564,3,117
1529621565,3,134
1529621567,3,204
1529621568,2,82
1529621569,2,118
1529621570,1,97
1529621571,1,12
1529621572,1,12
1529621573,1,14
1529621574,2,39
1529621575,3,31
1529621576,2,96
1529621577,1,49
1529621578,3,28
1529621579,3,92
1529621580,2,83
1529621582,2,114
1529621583,1,13
1529621584,2,83
1529621585,2,113
1529621586,3,223
1529621587,1,113
1529621588,3,97
1529621589,1,58
1529621591,1,193
1529621592,1,12
1529621593,3,171
1529621594,1,13
1529621595,3,210
1529621596,1,80
1529621597,1,5
1529621598,2,97
1529621599,1,45
1529621600,2,81
1529621601,1,145
1529621603,1,81
1529621604,1,139
1529621605,2,23
1529621606,1,14
1529621607,1,47
1529621608,1,106
1529621609,1,12
1529621610,2,23
1529621611,2,26
1529621612,1,16
1529621613,3,120
1529621614,1,16
1529621615,2,104
1529621616,2,164
1529621617,1,11
1529621619,3,210
1529621620,3,160
1529621621,2,16
1529621622,2,85
1529621623,1,174
1529621624,2,19
1529621625,2,27
1529621626,4,118
1529621627,2,123
1529621628,1,13
1529621630,3,136
1529621631,3,30
1529621632,2,154
1529621633,1,82
1529621634,2,83
1529621635,3,21
1529621636,3,218
1529621637,2,70
1529621638,2,31
1529621639,2,75
1529621641,3,196
1529621642,1,11
1529621643,1,18
1529621644,1,16
1529621645,2,54
1529621646,3,101
1529621647,1,19
1529621648,1,18
1529621649,1,70
1529621650,2,26
1529621651,3,124
1529621652,3,68
1529621653,3,39
1529621654,1,8
1529621655,2,72
1529621657,3,125
1529621658,1,98
1529621659,1,11
1529621660,3,70
1529621661,2,230
1529621662,1,80
1529621663,2,25
1529621664,1,19
1529621665,1,13
1529621666,3,99
1529621667,3,221
1529621669,2,168
1529621670,3,36
1529621671,1,89
1529621672,1,20
1529621673,1,7
1529621674,2,222
1529621675,2,59
1529621676,1,119
1529621677,1,74
1529621678,1,16
1529621679,1,13
1529621680,1,25
1529621682,3,107
1529621683,1,18
1529621684,1,10
1529621685,3,67
1529621686,1,5
1529621687,2,51
1529621688,3,39
1529621689,3,198
1529621690,3,28
1529621691,3,203
1529621692,3,30
1529621693,1,13
1529621694,3,32
1529621695,2,29
1529621696,3,27
1529621697,3,35
1529621699,2,140
1529621700,2,109
1529621701,1,17
1529621702,1,113
1529621703,1,13
1529621704,3,158
1529621705,2,111
1529621706,3,101
1529621707,1,49
1529621708,1,17
1529621709,3,32
1529621710,3,44
1529621712,3,110
1529621713,2,91
1529621714,2,91
1529621715,3,73
1529621716,1,12
1529621717,3,96
1529621718,1,103
1529621719,3,134
1529621720,2,178
1529621721,1,17
1529621723,3,129
1529621724,3,89
1529621725,3,78
1529621726,3,31
1529621727,1,18
1529621728,2,33
1529621729,1,81
1529621730,4,75
1529621731,2,23
1529621732,2,73
1529621733,3,63
1529621734,3,40
1529621735,2,124
1529621737,1,141
1529621738,1,13
1529621739,3,122
1529621740,3,36
1529621741,1,13
1529621742,2,92
1529621743,3,163
1529621744,2,79
1529621745,1,50
1529621746,2,69
1529621747,2,25
1529621748,3,143
1529621750,2,97
1529621751,2,68
1529621752,2,187
1529621753,1,10
1529621754,2,102
1529621755,2,28
1529621756,3,32
1529621757,1,16
1529621758,1,14
1529621759,2,29
1529621760,3,124
1529621761,3,143
1529621762,1,68
1529621763,2,26
1529621765,1,17
1529621766,1,107
1529621767,2,95
1529621768,2,32
1529621769,1,13
1529621770,3,42
1529621771,3,116
1529621772,3,111
1529621773,3,30
1529621774,1,74
1529621775,2,129
1529621776,2,100
1529621777,3,28
1529621778,1,14
1529621780,1,16
1529621781,1,12
1529621782,1,16
1529621783,2,179
1529621784,2,234
1529621785,2,111
1529621786,3,213
1529621787,3,143
1529621789,2,34
1529621790,3,88
1529621791,1,108
1529621792,3,36
1529621793,1,23
1529621794,2,129
1529621795,1,101
1529621796,3,194
1529621797,1,10
1529621799,3,230
1529621800,2,43
1529621801,1,117
1529621802,2,121
1529621803,1,18
1529621804,3,64
1529621805,3,67
1529621806,1,23
1529621807,2,82
1529621808,2,28
1529621809,1,15
1529621810,2,19
1529621811,3,71
1529621812,2,24
1529621813,2,131
1529621815,1,132
1529621816,2,110
1529621817,2,24
1529621818,2,24
1529621819,2,19
1529621820,3,177
1529621821,3,200
1529621822,2,82
1529621823,2,191
1529621825,2,108
1529621826,1,92
1529621827,1,15
1529621828,3,101
1529621829,1,17
1529621830,2,88
1529621831,2,92
1529621832,3,152
1529621833,2,100
1529621834,1,68
1529621836,1,92
1529621837,2,77
1529621838,1,110
1529621839,1,12
1529621840,2,158
1529621841,1,12
1529621842,1,13
1529621843,1,181
1529621844,3,218
1529621845,3,77
1529621847,2,164
1529621848,1,74
1529621849,2,31
1529621850,2,157
1529621851,2,26
1529621852,2,109
1529621853,2,98
1529621854,1,63
1529621855,1,22
1529621856,1,74
1529621857,1,113
1529621859,3,117
1529621860,3,28
1529621861,3,228
1529621862,1,13
1529621863,3,135
1529621864,1,14
1529621865,1,18
1529621866,1,13
1529621867,1,14
1529621868,1,115
1529621869,3,71
1529621870,2,130
1529621872,3,89
1529621873,2,30
1529621874,1,24
1529621875,3,124
1529621876,3,71
1529621877,3,104
1529621878,2,120
1529621879,1,71
1529621880,2,74
1529621881,2,104
1529621882,1,19
1529621883,1,14
1529621885,3,114
1529621886,1,20
1529621887,3,31
1529621888,3,197
1529621889,2,25
1529621890,3,111
1529621891,2,20
1529621892,2,75
1529621893,3,144
1529621894,1,80
1529621895,2,27
1529621896,2,150
1529621898,3,71
1529621899,2,30
1529621900,3,200
1529621901,1,12
1529621902,1,14
1529621903,1,11
1529621904,3,200
1529621905,1,86
1529621906,2,39
1529621907,1,13
1529621908,2,56
1529621909,3,125
1529621910,1,13
1529621911,2,21
1529621912,1,13
1529621914,1,12
1529621915,2,125
1529621916,1,20
1529621917,2,31
1529621918,1,11
1529621919,3,31
1529621920,3,60
1529621921,3,75
1529621922,2,74
1529621923,1,14
1529621924,3,77
1529621925,3,140
1529621926,3,30
1529621927,2,80
1529621929,3,146
1529621930,2,113
1529621931,3,80
1529621932,2,39
1529621933,3,221
1529621934,1,126
1529621935,2,41
1529621936,1,82
1529621937,1,13
1529621938,2,34
1529621939,1,54
1529621940,1,12
1529621942,3,78
1529621943,2,22
1529621944,3,44
1529621945,1,13
1529621946,1,130
1529621947,3,92
1529621948,1,12
1529621949,2,88
1529621950,1,85
1529621951,2,71
1529621952,2,98
1529621953,2,68
1529621954,3,82
1529621955,3,51
1529621957,3,42
1529621958,3,28
1529621959,2,77
1529621960,2,28
1529621961,1,74
1529621962,1,20
1529621963,2,45
1529621964,3,98
1529621965,2,106
1529621966,3,86
1529621967,2,71
1529621968,1,58
1529621969,1,14
1529621970,1,17
1529621971,1,17
1529621972,3,85
1529621973,1,19
1529621975,1,93
1529621976,2,94
1529621977,3,84
1529621978,1,7
1529621979,2,13
1529621980,2,66
1529621981,3,38
1529621982,1,21
1529621983,3,92
1529621984,2,104
1529621985,2,155
1529621986,3,115
1529621988,1,77
1529621989,3,28
1529621990,1,10
1529621991,1,57
1529621992,1,12
1529621993,2,123
1529621994,1,58
1529621995,3,219
1529621996,1,14
1529621997,1,13
1529621998,2,111
1529621999,2,116
1529622000,2,38
1529622001,1,14
1529622002,1,20
1529622004,1,20
1529622005,3,195
1529622006,2,19
1529622007,1,18
1529622008,1,128
1529622009,2,162
1529622010,1,79
1529622011,1,19
1529622012,2,174
1529622013,1,24
1529622014,1,12
1529622015,2,23
1529622017,3,85
1529622018,2,24
1529622019,2,31
1529622020,1,12
1529622021,2,66
1529622022,2,204
1529622023,1,11
1529622024,3,37
1529622025,1,23
1529622026,1,11
1529622027,1,85
1529622028,3,103
1529622029,2,22
1529622030,3,66
1529622031,1,20
1529622032,1,88
1529622034,2,42
1529622035,2,54
1529622036,2,72
1529622037,2,107
1529622038,1,16
1529622039,2,27
1529622040,1,15
1529622041,2,124
1529622042,2,33
1529622043,2,83
1529622044,2,32
1529622045,3,155
1529622046,3,145
1529622048,3,27
1529622049,1,99
1529622050,2,65
1529622051,1,26
1529622052,2,23
1529622053,2,89
1529622054,3,90
1529622055,2,129
1529622056,2,98
1529622057,3,136
1529622058,2,77
1529622059,1,13
1529622061,1,70
1529622062,1,11
1529622063,1,13
1529622064,2,248
1529622065,1,16
1529622066,2,55
1529622067,2,21
1529622068,1,16
1529622069,1,24
1529622070,3,40
1529622071,3,144
1529622072,3,116
1529622073,2,65
1529622075,3,125
1529622076,1,24
1529622077,2,163
1529622078,1,129
1529622079,1,18
1529622080,2,34
1529622081,2,132
1529622082,3,84
1529622083,2,165
1529622084,1,47
1529622085,1,23
1529622086,2,26
1529622088,3,150
1529622089,1,16
1529622090,3,88
1529622091,2,23
1529622092,2,39
1529622093,1,114
1529622094,2,22
1529622095,3,126
1529622096,3,43
1529622097,3,246
1529622098,2,82
1529622099,1,15
1529622101,2,21
1529622102,1,18
1529622103,3,149
1529622104,3,37
1529622105,2,40
1529622106,2,26
1529622107,3,119
1529622108,2,105
1529622109,1,90
1529622110,1,198
1529622112,3,216
1529622113,1,12
1529622114,2,157
1529622115,1,129
1529622116,2,60
1529622117,2,76
1529622118,1,63
1529622119,2,219
1529622120,2,20
1529622121,3,43
1529622123,3,120
1529622124,3,167
1529622125,3,43
1529616634,1,442
1529616636,1,570
1529616637,3,446
1529616639,1,145
1529616640,1,131
1529616641,1,266
1529616642,1,151
1529616643,2,277
1529616645,1,255
1529616646,3,265
1529616647,2,290
1529616648,1,103
1529616650,2,167
1529616651,3,168
1529616652,1,182
1529616653,1,94
1529616654,1,115
1529616655,2,172
1529616656,2,135
1529616658,3,129
1529616659,2,169
1529616660,3,150
1529616661,1,158
1529616662,3,122
1529616663,1,89
1529616664,1,107
1529616666,1,96
1529616667,3,188
1529616668,3,376
1529616669,1,196
1529616671,1,216
1529616672,3,214
1529616673,1,107
1529616674,1,123
1529616675,2,120
1529616676,3,132
1529616677,3,129
1529616679,3,185
1529616680,1,105
1529616681,1,98
1529616682,2,89
1529616683,2,100
1529616684,2,137
1529616685,1,124
1529616686,2,147
1529616688,3,200
1529616689,3,130
1529616690,3,127
1529616691,3,105
1529616692,1,105
1529616693,1,101
1529616694,1,96
1529616695,1,13
1529616696,1,45
1529616698,1,252
1529616699,2,183
1529616700,3,159
1529616701,2,103
1529616702,3,163
1529616703,1,103
1529616705,1,82
1529616706,1,111
1529616707,1,115
1529616708,2,134
1529616709,1,97
1529616710,1,51
1529616711,3,187
1529616713,3,191
1529616714,3,135
1529616715,3,158
1529616716,3,197
1529616717,1,105
1529616718,2,88
1529616719,1,83
1529616720,1,105
1529616722,2,118
1529616723,3,171
1529616724,1,99
1529616725,1,113
1529616726,1,122
1529616727,1,66
1529616728,2,110
1529616729,1,135
1529616731,1,105
1529616732,2,166
1529616733,2,148
1529616734,3,175
1529616735,2,143
1529616736,1,131
1529616737,3,95
1529616739,3,182
1529616740,1,72
1529616741,1,92
1529616742,3,102
1529616743,1,106
1529616744,3,103
1529616745,3,131
1529616746,2,189
1529616748,1,115
1529616749,2,110
1529616750,2,77
1529616751,4,170
1529616752,3,108
1529616753,2,118
1529616754,1,45
1529616755,2,114
1529616757,1,108
1529616758,2,82
1529616759,3,123
1529616760,1,51
1529616761,2,59
1529616762,2,194
1529616763,1,139
1529616764,2,97
1529616765,1,79
1529616767,3,189
1529616768,3,267
1529616769,1,190
1529616770,2,249
1529616772,2,186
1529616773,3,187
1529616774,1,230
1529616775,3,225
1529616776,3,158
1529616777,1,96
1529616779,2,73
1529616780,2,116
1529616781,3,82
1529616782,3,125
1529616783,3,374
1529616784,1,170
1529616786,1,102
1529616787,2,136
1529616788,1,100
1529616789,2,85
1529616790,1,115
1529616791,1,93
1529616792,2,145
1529616793,3,181
1529616795,3,113
1529616796,1,10
1529616797,1,65
1529616798,2,22
1529616799,2,84
1529616800,2,131
1529616801,1,116
1529616802,1,50
1529616803,3,32
1529616804,3,84
1529616805,2,82
1529616806,3,133
1529616808,2,246
1529616809,3,167
1529616810,3,157
1529616811,3,144
1529616812,3,98
1529616814,3,183
1529616815,2,93
1529616816,1,68
1529616817,1,90
1529616818,2,133
1529616819,2,84
1529616820,3,125
1529616821,1,90
1529616822,3,115
1529616824,2,114
1529616825,3,162
1529616826,1,89
1529616827,3,186
1529616828,1,113
1529616829,2,110
1529616830,1,90
1529616831,1,115
1529616833,1,192
1529616834,3,147
1529616835,3,56
1529616836,1,73
1529616837,3,190
1529616838,2,167
1529616839,1,125
1529616841,3,97
1529616842,2,206
1529616843,3,150
1529616844,3,187
1529616845,2,118
1529616846,2,248
1529616848,2,243
1529616849,1,133
1529616850,2,170
1529616851,2,124
1529616852,3,129
1529616854,3,191
1529616855,2,80
1529616856,3,94
1529616857,2,121
1529616858,1,18
1529616859,2,147
1529616860,1,122
1529616861,1,127
1529616862,3,84
1529616864,3,171
1529616865,2,155
1529616866,3,25
1529616867,1,116
1529616868,3,181
1529616869,3,88
1529616870,3,116
1529616871,1,103
1529616873,2,141
1529616874,1,100
1529616875,2,133
1529616876,1,93
1529616877,1,112
1529616878,2,127
1529616879,3,109
1529616880,3,187
1529616882,2,91
1529616883,2,196
1529616884,1,124
1529616885,3,172
1529616886,3,116
1529616887,2,131
1529616888,3,174
1529616890,3,22
1529616891,1,128
1529616892,1,204
1529616893,3,134
1529616894,1,137
1529616895,2,87
1529616896,2,116
1529616898,1,125
1529616899,3,229
1529616900,2,81
1529616901,3,81
1529616902,3,80
1529616903,2,179
1529616904,3,253
1529616906,1,83
1529616907,3,104
1529616908,3,142
1529616909,2,42
1529616910,3,153
1529616911,3,194
1529616912,1,129
1529616913,3,107
1529616915,1,140
1529616916,2,116
1529616917,2,116
1529616918,1,127
1529616919,1,112
1529616920,3,71
1529616921,2,132
1529616922,2,74
1529616923,1,10
1529616925,1,102
1529616926,3,132
1529616927,2,185
1529616928,1,132
1529616929,1,117
1529616930,2,196
1529616931,1,85
1529616933,2,154
1529616934,2,85
1529616935,1,67
1529616936,3,85
1529616937,3,249
1529616938,2,103
1529616939,3,87
1529616941,3,237
1529616942,2,127
1529616943,2,169
1529616944,2,115
1529616945,1,53
1529616946,3,167
1529616947,1,120
1529616948,3,113
1529616950,3,87
1529616951,3,84
1529616952,1,110
1529616953,1,128
1529616954,3,206
1529616955,1,120
1529616956,2,23
1529616957,3,186
1529616959,4,93
1529616960,3,255
1529616961,3,142
1529616962,1,56
1529616963,4,108
1529616964,3,229
1529616966,3,121
1529616967,2,108
1529616968,1,91
1529616969,1,147
1529616970,2,109
1529616971,2,158
1529616972,3,169
1529616973,1,113
1529616975,1,138
1529616976,2,102
1529616977,3,133
1529616978,1,173
1529616979,1,205
1529616980,3,125
1529616982,1,122
1529616983,1,133
1529616984,1,11
1529616985,3,102
1529616986,3,21
1529616987,3,153
1529616988,2,164
1529616989,1,118
1529616990,3,129
1529616992,1,102
1529616993,1,106
1529616994,3,241
1529616995,3,285
1529616996,2,139
1529616997,1,134
1529616999,1,107
1529617000,1,100
1529617001,3,211
1529617002,2,101
1529617003,2,79
1529617004,1,127
1529617005,1,62
1529617006,3,121
1529617008,2,60
1529617009,2,110
1529617010,1,22
1529617011,1,71
1529617012,2,153
1529617013,1,142
1529617014,2,82
1529617015,1,204
1529617016,1,90
1529617018,3,120
1529617019,1,100
1529617020,1,27
1529617021,1,126
1529617022,2,97
1529617023,1,142
1529617024,2,149
1529617025,2,25
1529617026,1,12
1529617027,1,98
1529617029,2,216
1529617030,2,159
1529617031,3,232
1529617032,1,53
1529617033,2,152
1529617034,2,98
1529617035,2,99
1529617037,3,138
1529617038,2,170
1529617039,3,127
1529617040,3,101
1529617041,1,102
1529617042,2,172
1529617043,2,135
1529617045,2,172
1529617046,3,164
1529617047,2,206
1529617048,1,59
1529617049,1,109
1529617050,1,82
1529617051,1,83
1529617053,2,96
1529617054,1,51
1529617055,2,227
1529617056,2,17
1529617057,2,124
1529617058,2,164
1529617059,3,76
1529617060,3,98
1529617061,2,134
1529617063,2,85
1529617064,1,98
1529617065,3,126
1529617066,1,94
1529617067,1,6
1529617068,1,86
1529617069,3,98
1529617070,3,38
1529617071,1,20
1529617072,1,9
1529617073,3,69
1529617074,3,70
1529617075,2,82
1529617077,2,92
1529617078,2,137
1529617079,2,102
1529617080,1,130
1529617081,1,28
1529617082,3,142
1529617083,1,48
1529617084,2,79
1529617085,1,16
1529617086,2,145
1529617087,2,20
1529617089,3,195
1529617090,2,167
1529617091,3,129
1529617092,1,106
1529617093,2,154
1529617094,1,106
1529617095,3,118
1529617097,2,67
1529617098,2,135
1529617099,3,87
1529617100,3,77
1529617101,3,107
1529617102,3,110
1529617103,2,260
1529617104,3,109
1529617106,2,125
1529617107,3,100
1529617108,1,89
1529617109,2,198
1529617110,3,237
1529617111,2,79
1529617112,1,87
1529617114,1,95
1529617115,1,70
1529617116,2,98
1529617117,1,136
1529617118,1,135
1529617119,3,91
1529617120,1,70
1529617121,2,78
1529617122,2,129
1529617124,2,144
1529617125,2,65
1529617126,3,87
1529617127,2,18
1529617128,3,199
1529617129,2,135
1529617130,3,65
1529617131,1,12
1529617132,2,115
1529617133,2,159
1529617135,2,128
1529617136,1,276
1529617137,3,121
1529617138,2,97
1529617139,3,79
1529617140,1,11
1529617141,1,115
1529617142,3,115
1529617144,1,94
1529617145,2,75
1529617146,3,170
1529617147,2,60
1529617148,2,152
1529617149,2,194
1529617150,2,113
1529617151,1,18
1529617153,3,136
1529617154,3,156
1529617155,3,204
1529617156,2,153
1529617157,2,148
1529617158,3,42
1529617159,3,122
1529617161,3,158
1529617162,1,16
1529617163,1,57
1529617164,3,207
1529617165,1,166
1529617166,2,165
1529617167,2,193
1529617169,2,42
1529617170,2,184
1529617171,3,54
1529617172,3,168
1529617173,1,101
1529617174,1,105
1529617175,2,172
1529617176,1,10
1529617178,2,178
1529617179,3,167
1529617180,3,128
1529617181,2,91
1529617182,3,89
1529617183,2,27
1529617184,3,132
1529617185,2,125
1529617186,1,15
1529617187,1,86
1529617189,1,62
1529617190,2,122
1529617191,3,126
1529617192,1,83
1529617193,3,129
1529617194,1,105
1529617195,2,120
1529617197,3,241
1529617198,3,147
1529617199,1,80
1529617200,1,202
1529617201,2,57
1529617202,1,102
1529617203,1,102
1529617204,2,19
1529617205,1,93
1529617207,2,118
1529617208,1,107
1529617209,3,98
1529617210,3,157
1529617211,3,138
1529617212,1,11
1529617213,2,94
1529617214,3,116
1529617215,2,190
1529617217,1,186
1529617218,1,114
1529617219,2,114
1529617220,3,90
1529617221,1,106
1529617222,3,138
1529617223,3,88
1529617225,2,136
1529617226,3,111
1529617227,3,83
1529617228,2,55
1529617229,2,96
1529617230,2,220
1529617231,3,255
1529617233,1,233
1529617234,3,39
1529617235,1,67
1529617236,3,20
1529617237,1,64
1529617238,1,114
1529617239,1,12
1529617240,1,11
1529617241,3,197
1529617242,1,144
1529617243,3,32
1529617245,3,105
1529617246,1,173
1529617247,2,90
1529617248,3,89
1529617249,1,100
1529617250,2,89
1529617251,1,100
1529617252,2,222
1529617254,3,119
1529617255,2,210
1529617256,2,229
1529617257,2,110
1529617258,1,236
1529617260,3,129
1529617261,3,407
1529617262,3,31
1529617263,2,131
1529617264,3,194
1529617266,3,307
1529617267,1,130
1529617268,1,106
1529617269,2,121
1529617270,1,92
1529617271,3,77
1529617272,1,86
1529617273,4,126
1529617275,1,144
1529617276,4,178
1529617277,3,142
1529617278,1,60
1529617279,2,107
1529617280,3,143
1529617281,3,41
1529617282,1,89
1529617283,1,11
1529617285,2,179
1529617286,1,150
1529617287,2,77
1529617288,2,61
1529617289,3,168
1529617290,1,110
1529617291,2,90
1529617292,2,113
1529617294,1,79
1529617295,3,106
1529617296,3,91
1529617297,1,63
1529617298,2,116
1529617299,1,15
1529617300,2,129
1529617301,3,149
1529617302,3,135
1529617304,3,199
1529617305,1,6
1529617306,1,89
1529617307,2,207
1529617308,1,14
1529617309,1,139
1529617310,4,222
1529617311,1,80
1529617312,2,67
1529617314,1,102
1529617315,3,165
1529617316,3,71
1529617317,3,140
1529617318,3,136
1529617319,1,93
1529617320,2,125
1529617321,3,26
1529617323,1,111
1529617324,2,159
1529617325,3,211
1529617326,1,87
1529617327,2,154
1529617328,3,150
1529617329,1,75
1529617331,3,137
1529617332,2,28
1529617333,2,30
1529617334,1,13
1529617335,2,137
1529617336,3,99
1529617337,3,91
1529617338,3,38
1529617339,2,69
1529617340,1,85
1529617341,4,130
1529617343,2,187
1529617344,1,74
1529617345,2,100
1529617346,1,16
1529617347,2,65
1529617348,3,204
1529617349,1,16
1529617350,2,61
1529617351,3,194
1529617352,2,73
1529617354,3,251
1529617355,2,19
1529617356,1,13
1529617357,1,70
1529617358,1,134
1529617359,3,192
1529617360,1,70
1529617361,1,117
1529617363,3,180
1529617364,1,6
1529617365,2,138
1529617366,1,139
1529617367,1,89
1529617368,3,64
1529617369,3,38
1529617370,3,191
1529617371,1,103
1529617373,3,79
1529617374,2,93
1529617375,2,126
1529617376,2,25
1529617377,1,62
1529617378,3,117
1529617379,3,116
1529617380,2,117
1529617381,3,123
1529617382,1,11
1529617383,2,80
1529617384,3,34
1529617386,1,73
1529617387,1,98
1529617388,2,132
1529617389,3,45
1529617390,1,11
1529617391,3,136
1529617392,2,113
1529617393,4,135
1529617394,1,85
1529617395,1,52
1529617397,4,94
1529617398,1,76
1529617399,3,165
1529617400,2,36
1529617401,1,39
1529617402,1,19
1529617403,2,114
1529617404,3,114
1529617405,3,237
1529617407,2,165
1529617408,1,91
1529617409,3,74
1529617410,2,130
1529617411,2,28
1529617412,1,215
1529617413,3,152
1529617414,2,92
1529617416,3,130
1529617417,4,33
1529617418,1,109
1529617419,2,72
1529617420,1,90
1529617421,3,116
1529617422,1,87
1529617423,3,103
1529617424,1,146
1529617426,2,120
1529617427,1,13
1529617428,3,176
1529617429,1,26
1529617430,4,153
1529617431,2,171
1529617432,4,74
1529617433,3,161
1529617434,2,119
1529617436,3,54
1529617437,2,201
1529617438,3,113
1529617439,3,156
1529617440,3,155
1529617441,2,217
1529617443,1,111
1529617444,2,117
1529617445,2,118
1529617446,2,20
1529617447,1,110
1529617448,3,126
1529617449,3,244
1529617451,2,174
1529617452,1,13
1529617453,1,11
1529617454,1,21
1529617455,3,102
1529617456,1,65
1529617457,3,101
1529617458,2,90
1529617459,1,81
1529617460,3,115
1529617461,1,83
1529617462,1,94
1529617464,3,133
1529617465,2,156
1529617466,1,144
1529617467,1,89
1529617468,3,75
1529617469,1,11
1529617470,1,11
1529617471,1,90
1529617472,1,87
1529617473,3,114
1529617474,3,80
1529617476,1,106
1529617477,3,26
1529617478,3,212
1529617479,3,244
1529617480,3,31
1529617481,3,178
1529617483,2,198
1529617484,1,84
1529617485,1,84
1529617486,2,124
1529617487,1,96
1529617488,1,81
1529617489,1,11
1529617490,2,158
1529617491,3,89
1529617492,2,20
1529617493,1,62
1529617494,2,16
1529617496,2,125
1529617497,3,74
1529617498,2,181
1529617499,3,225
1529617500,1,11
1529617501,1,136
1529617502,3,103
1529617504,3,206
1529617505,2,66
1529617506,3,118
1529617507,2,95
1529617508,1,83
1529617509,2,140
1529617510,2,62
1529617511,3,241
1529617513,1,110
1529617514,3,185
1529617515,1,92
1529617516,2,120
1529617517,1,13
1529617518,3,123
1529617519,1,104
1529617520,2,64
1529617521,1,12
1529617522,2,111
1529617523,2,24
1529617525,2,120
1529617526,1,104
1529617527,2,140
1529617528,2,91
1529617529,1,78
1529617530,2,91
1529617531,3,112
1529617532,2,96
1529617534,3,314
1529617535,3,186
1529617536,2,43
1529617537,1,88
1529617538,3,78
1529617539,3,39
1529617540,3,195
1529617541,1,81
1529617543,3,123
1529617544,3,35
1529617545,1,95
1529617546,1,86
1529617547,1,13
1529617548,1,107
1529617549,1,60
1529617550,3,113
1529617551,2,125
1529617552,1,93
1529617553,3,115
1529617555,1,71
1529617556,2,27
1529617557,1,65
1529617558,2,114
1529617559,2,173
1529617560,1,63
1529617561,1,12
1529617562,3,33
1529617563,1,101
1529617564,2,240
1529617566,2,102
1529617567,1,111
1529617568,1,11
1529617569,2,188
1529617570,2,78
1529617571,1,21
1529617572,1,101
1529617573,2,107
1529617574,1,12
1529617575,3,76
1529617576,3,122
1529617578,2,132
1529617579,1,62
1529617580,2,82
1529617581,2,93
1529617582,3,89
1529617583,2,19
1529617584,2,83
1529617585,3,73
1529617586,2,104
1529617587,1,132
1529617588,3,42
1529617590,3,138
1529617591,3,28
1529617592,4,244
1529617593,3,193
1529617594,3,90
1529617595,1,120
1529617596,2,102
1529617598,1,104
1529617599,3,157
1529617600,2,136
1529617601,1,129
1529617602,3,120
1529617603,3,130
1529617604,2,124
1529617605,1,93
1529617607,1,87
1529617608,1,123
1529617609,1,139
1529617610,3,148
1529617611,1,53
1529617612,1,170
1529617613,2,18
1529617614,3,194
1529617616,3,138
1529617617,2,22
1529617618,1,92
1529617619,3,126
1529617620,3,110
1529617621,1,80
1529617622,2,160
1529617623,3,225
1529617625,1,51
1529617626,1,73
1529617627,2,195
1529617628,1,256
1529617629,2,255
1529617631,2,182
1529617632,3,136
1529617633,2,150
1529617634,2,39
1529617635,1,17
1529617636,2,36
1529617637,1,71
1529617638,1,110
1529617639,2,127
1529617640,3,134
1529617642,3,169
1529617643,3,168
1529617644,2,239
1529617645,2,78
1529617646,2,134
1529617647,2,109
1529617648,1,90
1529617650,3,146
1529617651,1,12
1529617652,3,96
1529617653,1,9
1529617654,1,135
1529617655,1,22
1529617656,1,119
1529617657,2,132
1529617658,1,14
1529617659,2,195
1529617661,2,157
1529617662,2,29
1529617663,1,12
1529617664,3,126
1529617665,1,68
1529617666,1,194
1529617667,2,33
1529617668,2,25
1529617669,3,168
1529617670,1,12
1529617671,3,135
1529617673,2,77
1529617674,3,87
1529617675,3,191
1529617676,2,126
1529617677,4,201
1529617678,2,210
1529617680,2,118
1529617681,2,24
1529617682,3,77
1529617683,2,116
1529617684,3,192
1529617685,2,38
1529617686,3,117
1529617687,3,135
1529617688,3,95
1529617689,1,7
1529617691,2,131
1529617692,1,96
1529617693,1,19
1529617694,2,178
1529617695,2,34
1529617696,3,266
1529617697,1,100
1529617698,1,8
1529617699,1,89
1529617701,3,157
1529617702,2,73
1529617703,3,78
1529617704,2,91
1529617705,3,23
1529617706,1,57
1529617707,1,115
1529617708,3,156
1529617709,1,15
1529617710,3,143
1529617711,3,30
1529617713,3,137
1529617714,2,99
1529617715,3,190
1529617716,1,51
1529617717,3,40
1529617718,2,81
1529617719,3,72
1529617720,1,71
1529617721,3,120
1529617722,1,14
1529617724,3,153
1529617725,1,83
1529617726,3,179
1529617727,1,79
1529617728,1,116
1529617729,3,68
1529617730,2,71
1529617731,2,23
1529617732,1,178
1529617734,1,77
1529617735,3,26
1529617736,1,104
1529617737,3,155
1529617738,2,124
1529617739,2,75
1529617740,2,130
1529617741,2,24
1529617742,3,135
1529617743,1,90
1529617745,2,158
1529617746,1,115
1529617747,1,127
1529617748,2,205
1529617749,3,155
1529617750,2,148
1529617751,3,68
1529617753,2,129
1529617754,1,149
1529617755,1,104
1529617756,2,103
1529617757,3,37
1529617758,3,151
1529617759,2,108
1529617760,3,89
1529617762,3,130
1529617763,1,149
1529617764,1,101
1529617765,1,13
1529617766,1,163
1529617767,4,170
1529617768,2,56
1529617769,1,104
1529617770,2,59
1529617771,1,47
1529617773,1,13
1529617774,1,71
1529617775,1,14
1529617776,3,187
1529617777,3,37
1529617778,2,132
1529617779,2,64
1529617780,2,118
1529617781,3,34
1529617782,2,98
1529617783,1,112
1529617784,1,15
1529617786,1,65
1529617787,3,91
1529617788,1,65
1529617789,3,192
1529617790,1,61
1529617791,3,122
1529617792,3,134
1529617793,1,92
1529617795,2,116
1529617796,2,90
1529617797,2,93
1529617798,3,144
1529617799,1,78
1529617800,3,163
1529617801,1,121
1529617802,3,167
1529617804,1,82
1529617805,3,19
1529617806,2,20
1529617807,2,21
1529617808,2,107
1529617809,2,244
1529617810,2,108
1529617811,2,39
1529617812,2,84
1529617813,3,105
1529617814,2,71
1529617816,1,207
1529617817,1,81
1529617818,2,124
1529617819,1,99
1529617820,1,97
1529617821,1,62
1529617822,3,89
1529617823,1,94
1529617825,2,205
1529617826,3,71
1529617827,1,54
1529617828,2,110
1529617829,2,114
1529617830,1,17
1529617831,3,31
1529617832,1,63
1529617833,3,38
1529617834,2,68
1529617835,3,165
1529617837,3,211
1529617838,2,77
1529617839,2,72
1529617840,3,111
1529617841,2,109
1529617842,1,12
1529617843,1,94
1529617844,1,113
1529617845,2,17
1529617846,2,19
1529617847,3,124
1529617848,1,80
1529617850,3,114
1529617851,1,117
1529617852,3,209
1529617853,2,68
1529617854,3,68
1529617855,3,117
1529617856,3,219
1529617858,3,143
1529617859,3,110
1529617860,3,112
1529617861,3,205
1529617862,2,73
1529617863,3,109
1529617864,4,144
1529617865,3,38
1529617867,2,116
1529617868,3,181
1529617869,1,5
1529617870,2,148
1529617871,3,78
1529617872,1,124
1529617873,3,61
1529617874,3,108
1529617875,2,23
1529617876,3,90
1529617878,3,97
1529617879,1,92
1529617880,3,210
1529617881,3,49
1529617882,1,20
1529617883,1,18
1529617884,2,90
1529617885,1,16
1529617886,3,59
1529617887,3,100
1529617888,1,22
1529617889,2,22
1529617891,1,185
1529617892,3,155
1529617893,3,89
1529617894,3,175
1529617895,3,30
1529617896,2,38
1529617897,1,50
1529617898,2,147
1529617899,1,47
1529617900,3,155
1529617902,1,58
1529617903,3,51
1529617904,3,201
1529617905,1,76
1529617906,2,175
1529617907,2,167
1529617909,3,239
1529617910,1,146
1529617911,1,59
1529617912,1,18
1529617913,2,105
1529617914,2,136
1529617915,2,114
1529617916,3,240
1529617917,1,15
1529617918,2,66
1529617920,1,109
1529617921,2,63
1529617922,3,227
1529617923,2,148
1529617924,1,82
1529617925,1,25
1529617926,1,140
1529617927,2,127
1529617929,2,94
1529617930,1,114
1529617931,2,61
1529617932,1,78
1529617933,2,110
1529617934,3,123
1529617935,1,61
1529617936,3,97
1529617937,2,17
1529617938,2,105
1529617940,2,176
1529617941,2,218
1529617942,3,143
1529617943,2,206
1529617944,3,150
1529617945,1,12
1529617946,3,34
1529617948,1,105
1529617949,1,46
1529617950,1,10
1529617951,2,165
1529617952,2,145
1529617953,1,162
1529617954,2,120
1529617955,1,90
1529617956,3,83
1529617958,2,175
1529617959,3,284
1529617960,1,110
1529617961,1,72
1529617962,1,100
1529617963,2,62
1529617964,1,18
1529617965,2,79
1529617967,3,169
1529617968,2,75
1529617969,2,95
1529617970,2,84
1529617971,3,146
1529617972,3,72
1529617973,2,157
1529617974,2,170
1529617976,2,111
1529617977,2,102
1529617978,3,82
1529617979,1,115
1529617980,1,87
1529617981,1,108
1529617982,3,131
1529617983,2,76
1529617984,1,133
1529617986,2,133
1529617987,2,46
1529617988,3,72
1529617989,2,224
1529617990,1,14
1529617991,1,12
1529617992,2,182
1529617993,3,79
1529617994,3,172
1529617996,3,102
1529617997,3,151
1529617998,2,115
1529617999,3,98
1529618000,1,90
1529618001,1,10
1529618002,2,85
1529618003,2,143
1529618004,3,40
1529618005,3,149
1529618007,2,76
1529618008,2,23
1529618009,1,13
1529618010,3,122
1529618011,1,80
1529618012,3,95
1529618013,2,74
1529618014,3,195
1529618015,2,21
1529618016,3,92
1529618017,1,137
1529618019,3,203
1529618020,3,110
1529618021,2,52
1529618022,2,130
1529618023,1,108
1529618024,3,142
1529618025,1,123
1529618026,1,49
1529618028,1,86
1529618029,1,11
1529618030,1,81
1529618031,3,169
1529618032,3,66
1529618033,3,77
1529618034,2,43
1529618035,2,93
1529618036,3,147
1529618037,2,20
1529618039,2,221
1529618040,2,181
1529618041,2,59
1529618042,2,174
1529618043,2,238
1529618044,3,138
1529618046,4,106
1529618047,3,182
1529618048,3,226
1529618049,1,83
1529618050,1,92
1529618051,2,132
1529618052,1,89
1529618054,3,190
1529618055,2,90
1529618056,2,70
1529618057,1,29
1529618058,1,66
1529618059,2,94
1529618060,1,12
1529618061,3,96
1529618062,3,131
1529618063,4,131
1529618065,1,124
1529618066,1,16
1529618067,2,99
1529618068,2,126
1529618069,1,9
1529618070,2,130
1529618071,3,184
1529618072,2,14
1529618073,1,146
1529618074,1,72
1529618076,2,121
1529618077,1,12
1529618078,2,90
1529618079,3,144
1529618080,3,110
1529618081,2,177
1529618082,3,212
1529618083,1,16
1529618084,3,159
1529618086,2,91
1529618087,1,82
1529618088,3,65
1529618089,2,26
1529618090,3,158
1529618091,1,86
1529618092,2,140
1529618093,2,217
1529618095,2,89
1529618096,1,14
1529618097,1,11
1529618098,2,146
1529618099,1,60
1529618100,2,67
1529618101,3,114
1529618102,2,86
1529618103,2,89
1529618104,2,23
1529618105,1,95
1529618106,1,13
1529618108,3,169
1529618109,2,82
1529618110,3,217
1529618111,1,13
1529618112,2,108
1529618113,3,201
1529618114,2,80
1529618115,3,226
1529618117,3,34
1529618118,1,91
1529618119,1,58
1529618120,3,70
1529618121,2,235
1529618122,1,91
1529618123,3,132
1529618124,3,193
1529618126,2,110
1529618127,3,193
1529618128,3,141
1529618129,1,11
1529618130,3,27
1529618131,1,67
1529618132,2,92
1529618133,2,123
1529618134,1,69
1529618135,2,83
1529618137,2,126
1529618138,2,78
1529618139,2,177
1529618140,1,136
1529618141,3,97
1529618142,2,28
1529618143,1,33
1529618144,3,85
1529618145,1,126
1529618146,3,58
1529618148,1,70
1529618149,2,21
1529618150,2,109
1529618151,1,19
1529618152,2,111
1529618153,3,221
1529618154,1,10
1529618155,1,99
1529618156,1,139
1529618158,3,148
1529618159,1,62
1529618160,1,14
1529618161,2,188
1529618162,3,21
1529618163,3,94
1529618164,1,113
1529618165,2,99
1529618166,1,17
1529618167,3,95
1529618168,1,16
1529618169,3,140
1529618171,3,64
1529618172,2,112
1529618173,2,150
1529618174,3,82
1529618175,2,66
1529618176,1,60
1529618177,1,21
1529618178,2,112
1529618179,2,210
1529618180,3,66
1529618182,2,77
1529618183,2,80
1529618184,2,22
1529618185,2,101
1529618186,3,131
1529618187,3,165
1529618188,3,89
1529618189,2,144
1529618190,3,106
1529618192,2,109
1529618193,2,131
1529618194,1,183
1529618195,2,25
1529618196,2,147
1529618197,1,11
1529618198,1,98
1529618199,3,86
1529618200,3,104
1529618202,3,234
1529618203,2,56
1529618204,3,176
1529618205,3,27
1529618206,3,33
1529618207,2,35
1529618208,2,34
1529618209,2,35
1529618210,1,102
1529618211,1,145
1529618212,2,92
1529618214,2,120
1529618215,2,111
1529618216,2,154
1529618217,1,93
1529618218,1,152
1529618219,2,117
1529618220,2,76
1529618221,1,86
1529618222,1,13
1529618224,3,158
1529618225,2,50
1529618226,2,84
1529618227,3,121
1529618228,2,18
1529618229,2,144
1529618230,1,110
1529618231,1,11
1529618232,3,189
1529618234,2,138
1529618235,3,175
1529618236,2,130
1529618237,3,80
1529618238,1,157
1529618239,2,74
1529618240,3,213
1529618242,3,60
1529618243,1,88
1529618244,1,181
1529618245,2,191
1529618246,3,120
1529618247,3,133
1529618248,3,139
1529618250,2,131
1529618251,1,11
1529618252,2,85
1529618253,3,227
1529618254,1,125
1529618255,2,23
1529618256,3,164
1529618257,2,113
1529618259,2,132
1529618260,3,73
1529618261,3,89
1529618262,1,98
1529618263,1,63
1529618264,1,5
1529618265,2,168
1529618266,2,127
1529618267,3,174
1529618268,2,27
1529618270,2,118
1529618271,1,124
1529618272,3,156
1529618273,2,175
1529618274,3,102
1529618275,1,10
1529618276,2,209
1529618277,2,20
1529618279,3,110
1529618280,3,102
1529618281,1,10
1529618282,1,90
1529618283,3,97
1529618284,2,89
1529618285,2,72
1529618286,1,93
1529618287,1,120
1529618288,2,56
1529618289,2,171
1529618291,1,98
1529618292,2,156
1529618293,3,250
1529618294,3,167
1529618295,1,146
1529618296,2,29
1529618298,2,125
1529618299,2,20
1529618300,1,12
1529618301,4,193
1529618302,3,37
1529618303,2,21
1529618304,2,77
1529618305,2,37
1529618306,2,85
1529618307,3,162
1529618308,3,175
1529618310,3,48
1529618311,2,72
1529618312,2,65
1529618313,2,150
1529618314,3,113
1529618315,2,100
1529618316,2,130
1529618317,1,13
1529618318,3,238
1529618319,3,41
1529618321,2,23
1529618322,3,130
1529618323,3,220
1529618324,1,221
1529618325,1,10
1529618326,1,117
1529618327,1,74
1529618328,3,126
1529618330,1,97
1529618331,1,100
1529618332,1,141
1529618333,3,125
1529618334,1,169
1529618335,3,114
1529618336,1,107
1529618337,3,85
1529618339,3,39
1529618340,2,25
1529618341,3,121
1529618342,3,136
1529618343,2,20
1529618344,2,72
1529618345,2,242
1529618346,2,92
1529618347,2,118
1529618348,1,12
1529618350,2,475
1529618351,3,112
1529618352,1,127
1529618353,1,120
1529618354,2,142
1529618356,1,53
1529618357,2,199
1529618358,3,223
1529618359,1,15
1529618360,2,17
1529618361,2,156
1529618362,3,35
1529618363,1,11
1529618364,3,193
1529618366,2,139
1529618367,3,93
1529618368,3,108
1529618369,3,175
1529618370,1,197
1529618371,2,96
1529618372,1,16
1529618373,2,188
1529618375,3,215
1529618376,2,69
1529618377,3,207
1529618378,1,13
1529618379,1,79
1529618380,1,91
1529618381,1,17
1529618382,2,19
1529618383,1,113
1529618385,2,145
1529618386,1,81
1529618387,2,31
1529618388,2,90
1529618389,2,30
1529618390,2,69
1529618391,1,57
1529618392,1,9
1529618393,1,64
1529618394,2,25
1529618395,2,203
1529618396,2,133
1529618398,2,179
1529618399,3,129
1529618400,2,66
1529618401,1,17
1529618402,2,30
1529618403,1,87
1529618404,1,14
1529618405,2,105
1529618406,3,76
1529618407,2,100
1529618408,3,70
1529618409,2,21
1529618410,3,24
1529618412,1,87
1529618413,1,12
1529618414,2,86
1529618415,1,13
1529618416,3,77
1529618417,1,56
1529618418,1,103
1529618419,1,54
1529618420,3,28
1529618421,3,144
1529618422,2,115
1529618423,3,90
1529618425,2,212
1529618426,2,163
1529618427,3,86
1529618428,3,42
1529618429,2,75
1529618430,3,91
1529618431,2,83