timestamp,kw_lengh,took_ms
1529602509,11,8688
1529602523,14,13340
1529602538,14,13056
1529602547,17,8403
1529602556,11,7886
1529602560,7,3453
1529602566,15,5031
1529602575,17,7975
1529602580,15,3548
1529602585,11,4411
1529602588,7,2107
1529602596,17,6238
1529602599,7,2491
1529602604,16,3901
1529602609,17,4292
1529602614,11,3255
1529602619,14,3769
1529602622,11,2100
1529602626,14,3194
1529602632,14,5245
1529602636,13,2576
1529602642,17,5335
1529602646,13,3010
1529602651,15,3392
1529602654,17,2695
1529602658,14,2433
1529602661,7,2223
1529602665,17,3394
1529602669,14,2405
1529602671,7,1548
1529602675,16,3031
1529602678,12,1824
1529602681,7,1284
1529602684,12,2161
1529602686,14,1555
1529602690,15,2174
1529602691,7,914
1529602694,16,1943
1529602697,15,2031
1529602701,15,1954
1529602703,14,1732
1529602707,11,2552
1529602710,13,1855
1529602712,11,1238
1529602714,15,1264
1529602717,15,1683
1529602719,7,996
1529602721,7,1447
1529602724,11,1179
1529602725,7,474
1529602727,7,1018
1529602729,14,839
1529602732,16,2250
1529602735,11,1252
1529602737,14,1062
1529602739,14,1843
1529602742,16,1358
1529602744,7,1494
1529602747,11,1689
1529602749,11,1076
1529602751,14,1098
1529602753,13,886
1529602756,12,1611
1529602759,14,2115
1529602762,13,1934
1529602765,16,1878
1529602767,13,1151
1529602769,7,863
1529602772,14,2127
1529602776,17,2649
1529602778,11,1343
1529602782,14,2822
1529602784,7,1411
1529602786,7,1112
1529602790,14,2119
1529602792,13,1767
1529602794,16,986
1529602797,17,1413
1529602799,13,1158
1529602801,16,1198
1529602803,16,649
1529602805,7,770
1529602807,17,1579
1529602809,7,1045
1529602811,11,813
1529602813,7,602
1529602815,17,1487
1529602818,16,1458
1529602820,11,1264
1529602823,17,1506
1529602824,7,941
1529602826,11,638
1529602828,12,891
1529602830,13,1106
1529602832,15,1134
1529602834,7,669
1529602836,13,1040
1529602838,16,1009
1529602840,13,618
1529602842,12,1237
1529602844,16,771
1529602845,7,666
1529602847,13,973
1529602850,13,1556
1529602852,15,897
1529602854,15,873
1529602856,15,1432
1529602858,13,860
1529602860,14,818
1529602862,7,900
1529602864,13,693
1529602866,11,1185
1529602867,15,708
1529602869,13,995
1529602872,17,1114
1529602873,11,738
1529602875,7,540
1529602877,13,838
1529602879,14,1190
1529602881,11,621
1529602882,14,847
1529602884,11,889
1529602887,12,1141
1529602889,16,1250
1529602891,12,890
1529602892,7,506
1529602894,12,729
1529602896,17,1041
1529602898,17,648
1529602899,7,768
1529602901,11,509
1529602904,11,1625
1529602906,17,864
1529602907,12,790
1529602909,11,364
1529602910,12,647
1529602912,17,967
1529602915,16,1078
1529602916,17,849
1529602918,14,787
1529602920,15,1149
1529602922,16,846
1529602924,13,684
1529602926,14,602
1529602927,7,769
1529602929,15,732
1529602931,15,789
1529602932,14,569
1529602934,7,460
1529602936,16,940
1529602938,13,931
1529602939,7,299
1529602941,13,576
1529602942,16,640
1529602944,17,788
1529602946,16,1144
1529602948,11,867
1529602950,11,686
1529602952,7,514
1529602953,13,272
1529602955,17,994
1529602957,14,741
1529602958,12,551
1529602960,12,767
1529602961,12,430
1529602964,11,1098
1529602965,14,741
1529602967,7,651
1529602969,15,834
1529602971,12,623
1529602972,17,627
1529602974,7,366
1529602975,16,845
1529602977,14,971
1529602980,14,1075
1529602981,12,597
1529602983,14,997
1529602985,12,570
1529602986,12,396
1529602988,14,953
1529602990,7,503
1529602991,11,549
1529602993,14,788
1529602995,14,628
1529602997,16,899
1529602998,13,438
1529603000,15,696
1529603001,7,469
1529603003,16,630
1529603004,13,592
1529603006,12,563
1529603008,17,712
1529603010,15,866
1529603011,7,554
1529603013,14,584
1529603014,7,642
1529603016,13,452
1529603018,13,587
1529603019,13,621
1529603021,7,431
1529603023,12,1065
1529603024,7,275
1529603025,7,289
1529603027,15,574
1529603028,11,346
1529603030,13,471
1529603031,17,661
1529603033,7,612
1529603035,11,721
1529603037,11,717
1529603038,11,321
1529603039,15,513
1529603041,15,437
1529603042,11,628
1529603044,12,498
1529603045,13,484
1529603047,17,667
1529603049,14,488
1529603050,15,608
1529603052,7,217
1529603053,16,503
1529603055,15,826
1529603056,7,333
1529603058,11,290
1529603060,16,1022
1529603061,14,388
1529603063,12,561
1529603064,15,374
1529603065,11,487
1529603067,14,764
1529603069,14,591
1529603070,7,377
1529603072,12,908
1529603074,15,685
1529603076,12,1543
1529603078,12,989
1529603080,16,1000
1529603082,12,292
1529603083,15,563
1529603085,12,610
1529603087,16,571
1529603088,11,406
1529603090,7,782
1529603091,17,310
1529603093,12,549
1529603094,17,833
1529603096,13,622
1529603097,13,319
1529603099,14,811
1529603101,15,428
1529603102,11,609
1529603104,12,474
1529603105,11,533
1529603108,16,1528
1529603110,17,884
1529603112,13,1390
1529603114,14,718
1529603115,7,306
1529603117,16,833
1529603119,15,591
1529603120,13,361
1529603122,16,624
1529603123,17,433
1529603125,11,438
1529603126,7,366
1529603128,7,373
1529603129,11,694
1529603131,11,426
1529603132,7,608
1529603135,12,1282
1529603136,15,694
1529603138,15,892
1529603140,17,735
1529603142,14,622
1529603143,11,790
1529603145,14,978
1529603147,13,617
1529603149,12,952
1529603151,14,1014
1529603153,15,560
1529603154,12,470
1529603156,7,638
1529603158,17,910
1529603160,13,959
1529603161,17,771
1529603163,16,644
1529603164,7,251
1529603166,14,989
1529603169,11,1277
1529603171,11,848
1529603172,13,516
1529603174,16,849
1529603175,7,290
1529603177,17,681
1529603179,15,627
1529603180,7,318
1529603181,15,479
1529603183,16,419
1529603185,14,674
1529603186,7,322
1529603187,13,446
1529603189,17,576
1529603191,13,628
1529603192,7,519
1529603195,16,1791
1529603196,12,508
1529603198,11,825
1529603200,17,1160
1529603202,14,833
1529603205,16,1224
1529603206,11,798
1529603208,7,541
1529603210,15,1202
1529603212,17,1280
1529603215,14,1521
1529603217,14,666
1529603218,16,681
1529603220,14,809
1529603222,7,513
1529603223,14,769
1529603225,7,552
1529603226,13,409
1529603228,15,485
1529603229,12,333
1529603232,17,1242
1529603233,12,601
1529603235,14,651
1529603237,11,851
1529603238,7,216
1529603240,13,824
1529603241,11,319
1529603243,16,1160
1529603245,16,690
1529603247,14,618
1529603248,16,549
1529603250,16,790
1529603252,15,671
1529603253,13,626
1529603255,16,826
1529603257,15,499
1529603259,7,679
1529603260,12,456
1529603262,14,1008
1529603264,12,930
1529603266,15,778
1529603268,12,769
1529603269,15,684
1529603271,14,911
1529603273,14,546
1529603275,11,837
1529603276,12,530
1529603278,12,467
1529603279,7,423
1529603281,15,640
1529603282,17,554
1529603284,13,620
1529603286,15,957
1529603287,7,301
1529603289,13,509
1529603290,7,301
1529603291,7,373
1529603293,16,838
1529603295,15,1021
1529603297,12,490
1529603298,14,632
1529603300,7,405
1529603301,15,575
1529603303,7,303
1529603304,12,261
1529603306,17,776
1529603308,15,789
1529603309,7,171
1529603310,7,348
1529603312,7,473
1529603313,17,777
1529603315,13,417
1529603317,16,574
1529603319,14,1008
1529603320,16,519
1529603322,16,841
1529603323,7,396
1529603325,14,357
1529603326,14,376
1529603327,7,334
1529603329,13,698
1529603331,16,707
1529603332,11,284
1529603334,14,597
1529603336,14,1604
1529603338,15,804
1529603340,13,391
1529603341,7,409
1529603343,13,786
1529603344,7,329
1529603346,15,578
1529603347,7,282
1529603349,12,580
1529603350,12,239
1529603352,17,627
1529603353,11,322
1529603354,15,473
1529603356,13,589
1529603357,7,377
1529603359,7,336
1529603361,16,866
1529603362,11,314
1529603363,15,456
1529603365,13,220
1529603366,13,409
1529603367,17,346
1529603369,7,410
1529603371,16,724
1529603373,13,1005
1529603374,12,388
1529603376,7,455
1529603377,13,690
1529603378,7,265
1529603380,13,431
1529603382,15,654
1529603383,16,689
1529603385,14,344
1529603386,14,470
1529603388,16,371
1529603389,12,457
1529603391,16,497
1529603392,7,276
1529603393,13,618
1529603395,12,600
1529603397,14,822
1529603398,14,471
1529603400,12,396
1529603401,7,282
1529603402,7,315
1529603404,15,372
1529603405,16,638
1529603407,11,472
1529603409,15,887
1529603410,13,354
1529603412,11,332
1529603413,13,773
1529603415,11,205
1529603416,15,560
1529603418,15,528
1529603419,14,532
1529603421,15,370
1529603422,13,594
1529603424,13,754
1529603426,13,674
1529603427,17,483
1529603429,15,443
1529603430,16,562
1529603432,17,616
1529603433,7,494
1529603435,14,948
1529603437,11,618
1529603438,7,234
1529603440,15,741
1529603442,13,516
1529603443,7,265
1529603444,15,581
1529603446,16,685
1529603448,12,448
1529603449,15,370
1529603450,7,158
1529603452,11,347
1529603453,11,400
1529603454,14,377
1529603456,15,512
1529603457,12,444
1529603459,13,560
1529603460,16,489
1529603462,12,572
1529603463,15,430
1529603465,12,422
1529603467,15,696
1529603468,17,441
1529603470,14,550
1529603471,17,624
1529603473,11,812
1529603475,11,489
1529603476,17,800
1529603478,16,452
1529603480,14,665
1529603481,11,677
1529603483,17,473
1529603484,11,281
1529603486,13,548
1529603487,7,290
1529603489,14,564
1529603490,11,442
1529603492,13,550
1529603493,15,484
1529603495,14,611
1529603496,14,437
1529603498,11,550
1529603499,15,449
1529603501,14,579
1529603502,14,561
1529603504,7,597
1529603505,14,366
1529603507,16,688
1529603508,14,406
1529603510,13,681
1529603512,14,792
1529603513,11,234
1529603515,15,839
1529603517,17,549
1529603518,11,385
1529603520,15,512
1529603521,15,372
1529603523,14,562
1529603524,17,688
1529603526,11,568
1529603527,16,478
1529603529,16,492
1529603530,14,517
1529603532,15,520
1529603534,15,625
1529603535,17,676
1529603537,12,501
1529603538,13,464
1529603541,15,1353
1529603542,12,693
1529603544,15,845
1529603546,17,952
1529603548,7,524
1529603550,15,860
1529603552,17,1100
1529603554,7,836
1529603555,14,870
1529603558,13,1079
1529603559,7,629
1529603561,17,886
1529603564,17,1640
1529603567,16,1766
1529603568,7,412
1529603570,13,849
1529603572,11,987
1529603574,7,736
1529603577,17,2002
1529603579,12,1013
1529603581,11,1181
1529603584,17,1651
1529603586,11,1002
1529603587,12,865
1529603590,16,1266
1529603592,13,886
1529603593,7,744
1529603595,11,679
1529603597,11,676
1529603599,17,880
1529603601,17,1495
1529603603,11,846
1529603605,13,949
1529603607,16,1416
1529603610,14,1304
1529603612,12,1277
1529603614,12,1146
1529603617,12,1897
1529603620,15,1487
1529603622,7,986
1529603624,7,1043
1529603626,7,1038
1529603628,7,768
1529603630,14,1410
1529603633,14,1769
1529603635,11,1274
1529603637,11,1070
1529603639,14,950
1529603641,14,1056
1529603644,16,1636
1529603646,13,804
1529603648,15,1789
1529603651,7,1086
1529603653,12,1438
1529603656,15,1906
1529603658,14,806
1529603661,14,2423
1529603664,14,1885
1529603666,14,1188
1529603669,11,1229
1529603670,7,929
1529603673,13,1635
1529603676,11,1519
1529603679,16,1901
1529603681,13,1838
1529603685,15,2381
1529603688,16,1829
1529603691,16,1918
1529603692,7,812
1529603696,17,2636
1529603699,12,1745
1529603702,15,1698
1529603706,17,2958
1529603708,11,1329
1529603710,15,838
1529603712,11,1463
1529603715,16,2089
1529603719,17,2602
1529603722,14,1822
1529603724,12,1634
1529603727,7,1190
1529603729,11,1159
1529603733,16,3354
1529603736,12,1635
1529603739,16,2287
1529603743,16,3050
1529603746,11,2076
1529603748,7,1052
1529603751,11,1737
1529603754,14,1753
1529603757,14,2532
1529603760,11,1173
1529603763,17,2277
1529603766,13,2176
1529603769,14,1513
1529603770,7,758
1529603773,17,1805
1529603775,14,1138
1529603779,13,2132
1529603781,15,1769
1529603784,16,1912
1529603788,17,2489
1529603791,16,2437
1529603793,7,993
1529603796,12,1479
1529603799,14,2139
1529603802,14,1815
1529603805,13,2374
1529603808,15,2087
1529603810,7,637
1529603812,12,1520
1529603815,16,1603
1529603818,16,1964
1529603821,13,1786
1529603824,12,2248
1529603826,7,955
1529603829,14,2211
1529603831,7,1128
1529603835,12,2267
1529603837,11,1478
1529603840,14,1641
1529603842,13,1579
1529603844,14,964
1529603846,7,775
1529603848,7,653
1529603850,13,1045
1529603853,13,1602
1529603855,11,1415
1529603857,13,927
1529603860,15,1801
1529603862,12,1439
1529603864,11,1020
1529603867,14,1822
1529603870,16,2173
1529603873,13,1593
1529603877,16,2786
1529603880,17,2230
1529603883,14,2050
1529603886,14,1947
1529603889,13,1807
1529603891,13,1490
1529603895,15,2527
1529603898,16,2589
1529603901,12,1187
1529603903,11,1143
1529603906,17,2142
1529603909,12,1984
1529603912,17,1731
1529603914,16,1668
1529603917,13,1722
1529603920,11,1681
1529603923,12,1838
1529603926,17,2723
1529603928,7,629
1529603930,13,1068
1529603932,11,1323
1529603935,11,1045
1529603937,17,1700
1529603940,16,1361
1529603943,14,1854
1529603945,17,1686
1529603948,16,1465
1529603950,7,804
1529603951,7,863
1529603954,17,1442
1529603957,14,1965
1529603960,16,1920
1529603962,11,983
1529603964,14,1636
1529603967,14,1503
1529603970,13,1935
1529603973,13,2274
1529603977,17,2298
1529603979,14,1637
1529603982,11,1552
1529603985,14,1929
1529603987,11,1510
1529603990,17,1791
1529603992,15,1333
1529603995,12,1491
1529603997,15,1582
1529604000,16,1973
1529604004,17,2386
1529604007,17,2117
1529604010,17,1742
1529604012,7,747
1529604014,12,1460
1529604018,16,2821
1529604021,14,2072
1529604023,7,1036
1529604026,15,1562
1529604028,15,1744
1529604030,7,877
1529604032,7,836
1529604034,13,1318
1529604038,15,2167
1529604041,17,2296
1529604044,14,1849
1529604046,17,1494
1529604049,17,1397
1529604052,16,2014
1529604054,13,1334
1529604056,17,1284
1529604059,15,1686
1529604061,7,1030
1529604064,15,1703
1529604066,12,1314
1529604070,16,2414
1529604072,7,1016
1529604074,12,1248
1529604077,13,1607
1529604079,15,1428
1529604081,13,1409
1529604084,11,1586
1529604087,12,1561
1529604089,12,1590
1529604091,14,887
1529604095,17,3095
1529604097,7,718
1529604100,17,1967
1529604102,7,597
1529604105,13,2123
1529604108,13,2055
1529604110,7,639
1529604112,7,1306
1529604114,14,1623
1529604117,7,1461
1529604119,14,1488
1529604122,14,1805
1529604125,17,2144
1529604129,16,2087
1529604131,15,1601
1529604133,7,1039
1529604136,12,2056
1529604139,17,1819
1529604141,7,836
1529604143,13,1384
1529604146,11,1548
1529604149,14,1925
1529604151,7,813
1529604153,17,1429
1529604156,14,1791
1529604159,15,1704
1529604163,15,3093
1529604166,11,2057
1529604167,7,543
1529604170,15,1416
1529604172,7,1023
1529604175,11,1894
1529604178,14,1717
1529604181,16,1971
1529604183,11,1166
1529604185,7,1466
1529604188,14,1591
1529604191,7,2101
1529604193,11,1125
1529604195,12,1117
1529604197,7,1134
1529604200,13,1806
1529604203,14,1345
1529604205,12,1114
1529604207,14,1125
1529604209,13,1289
1529604212,17,2151
1529604214,7,581
1529604216,11,1458
1529604218,12,973
1529604220,12,1051
1529604223,12,1173
1529604224,7,570
1529604226,13,560
1529604228,17,1522
1529604231,16,1446
1529604233,11,820
1529604234,7,573
1529604237,13,1521
1529604240,15,2326
1529604243,16,1806
1529604245,7,612
1529604246,11,635
1529604249,13,1336
1529604251,14,1224
1529604253,11,775
1529604255,17,1316
1529604257,7,780
1529604259,15,1770
1529604262,14,1781
1529604264,15,968
1529604267,17,1595
1529604269,16,1309
1529604271,16,1212
1529604273,13,971
1529604276,15,1099
1529604277,7,766
1529604279,7,781
1529604281,13,917
1529604284,17,1576
1529604286,13,1098
1529604287,14,384
1529604289,11,855
1529604291,16,1032
1529604293,17,1331
1529604295,12,777
1529604297,12,994
1529604299,7,375
1529604300,12,814
1529604303,13,1330
1529604304,7,487
1529604306,14,1028
1529604308,15,904
1529604310,13,699
1529604313,17,1722
1529604315,14,1114
1529604317,12,842
1529604318,12,491
1529604319,7,259
1529604322,13,1378
1529604324,17,944
1529604326,17,974
1529604327,12,623
1529604330,17,1332
1529604332,12,1171
1529604334,17,1023
1529604336,13,761
1529604337,12,552
1529604339,13,1060
1529604341,13,1033
1529604343,12,726
1529604345,7,316
1529604348,17,2078
1529604349,17,725
1529604351,13,924
1529604353,17,611
1529604354,7,367
1529604356,12,817
1529604358,15,1004
1529604360,13,545
1529604361,15,647
1529604363,14,526
1529604365,14,659
1529604367,14,911
1529604368,11,531
1529604370,14,813
1529604372,17,841
1529604373,12,624
1529604376,12,1116
1529604378,17,1648
1529604380,12,712
1529604382,13,1219
1529604384,12,962
1529604386,14,926
1529604388,15,813
1529604389,11,376
1529604391,14,874
1529604393,11,842
1529604395,7,949
1529604397,7,642
1529604399,15,1116
1529604401,17,1036
1529604403,11,844
1529604405,16,1318
1529604407,7,514
1529604408,13,899
1529604410,14,642
1529604412,12,809
1529604414,12,1037
1529604416,15,1307
1529604418,13,1154
1529604420,17,475
1529604422,13,1111
1529604424,7,539
1529604426,17,1614
1529604428,14,597
1529604430,14,1403
1529604432,17,1001
1529604435,15,1264
1529604436,7,508
1529604438,12,1286
1529604440,13,791
1529604442,15,994
1529604444,7,714
1529604446,14,1081
1529604448,16,997
1529604450,13,976
1529604452,15,1170
1529604454,7,859
1529604457,17,1776
1529604459,15,1135
1529604461,7,913
1529604464,15,1773
1529604466,14,1452
1529604469,16,1485
1529604472,17,1884
1529604473,7,419
1529604476,12,1430
1529604478,13,938
1529604479,12,542
1529604482,16,2140
1529604485,16,1303
1529604487,11,1401
1529604489,11,717
1529604491,13,986
1529604494,15,1763
1529604496,14,1003
1529604497,11,889
1529604500,16,1374
1529604502,12,949
1529604504,7,753
1529604507,12,2299
1529604510,16,1947
1529604512,7,824
1529604514,16,1224
1529604516,7,627
1529604518,7,1041
1529604521,15,1844
1529604524,16,1985
1529604526,16,1831
1529604529,13,1294
1529604531,15,1020
1529604533,12,1138
1529604536,14,2345
1529604539,13,1420
1529604541,7,1105
1529604544,15,1798
1529604546,13,1162
1529604548,15,1316
1529604550,11,1140
1529604553,13,2034
1529604556,13,1393
1529604558,14,1203
1529604561,11,1731
1529604563,13,1533
1529604566,13,1523
1529604569,15,2401
1529604572,17,1372
1529604574,15,1613
1529604577,16,1670
1529604579,12,1078
1529604582,17,1733
1529604584,15,1697
1529604586,11,897
1529604589,12,1657
1529604591,15,964
1529604593,11,974
1529604595,7,1045
1529604597,12,1213
1529604600,15,1704
1529604601,7,446
1529604604,12,1290
1529604606,7,1015
1529604608,12,1448
1529604611,12,1766
1529604613,11,1290
1529604616,14,1473
1529604617,7,478
1529604620,11,1781
1529604622,11,794
1529604624,12,1170
1529604627,17,2002
1529604630,16,2316
1529604633,12,1714
1529604636,13,1732
1529604638,14,1097
1529604641,11,1550
1529604643,16,1476
1529604645,13,1333
1529604649,16,2109
1529604653,17,3104
1529604656,13,2194
1529604658,7,892
1529604661,12,1761
1529604664,16,2397
1529604666,16,1195
1529604668,7,1010
1529604671,17,1815
1529604674,13,1864
1529604677,17,2195
1529604680,16,1777
1529604683,16,2444
1529604686,7,1466
1529604689,13,1947
1529604691,14,1544
1529604693,7,845
1529604697,17,2398
1529604699,13,1465
1529604702,11,2072
1529604704,7,983
1529604707,17,2159
1529604710,15,1806
1529604713,11,1315
1529604716,16,2396
1529604719,15,1465
1529604721,13,1654
1529604724,15,1327
1529604726,12,1889
1529604729,11,1492
1529604732,13,1648
1529604735,12,1945
1529604737,11,1556
1529604741,16,2856
1529604745,16,2749
1529604749,17,2828
1529604751,17,1663
1529604754,11,1717
1529604756,7,846
1529604759,17,1712
1529604762,17,1863
1529604765,17,2431
1529604767,17,1371
1529604770,14,1397
1529604772,7,931
1529604775,16,2209
1529604777,14,1417
1529604779,7,936
1529604783,17,2509
1529604785,15,1474
1529604788,11,1923
1529604791,13,1681
1529604793,12,1346
1529604797,13,2456
1529604799,14,1040
1529604800,7,473
1529604802,7,755
1529604805,16,2012
1529604807,12,1265
1529604811,16,2261
1529604813,11,990
1529604815,7,829
1529604817,15,1771
1529604819,7,496
1529604822,16,2041
1529604825,16,1604
1529604827,12,1252
1529604830,11,2006
1529604832,14,735
1529604834,7,856
1529604836,13,1064
1529604839,15,2304
1529604842,17,1602
1529604844,15,1472
1529604847,12,1399
1529604849,14,1222
1529604852,12,1898
1529604854,13,1187
1529604856,14,1345
1529604858,7,465
1529604861,12,2053
1529604864,15,2078
1529604867,12,1537
1529604869,12,1169
1529604871,15,1621
1529604874,12,1174
1529604876,16,1488
1529604879,14,1689
1529604881,15,1118
1529604884,12,1665
1529604886,16,1599
1529604889,14,1481
1529604892,17,2524
1529604894,12,1284
1529604897,14,1420
1529604900,16,2203
1529604902,7,1003
1529604905,11,1346
1529604907,13,1746
1529604910,16,1653
1529604913,11,1498
1529604915,13,1715
1529604917,7,461
1529604920,15,2482
1529604922,7,861
1529604925,17,1634
1529604927,7,884
1529604929,16,1587
1529604932,13,2076
1529604935,15,1218
1529604937,7,938
1529604939,16,1870
1529604942,12,1970
1529604945,16,2026
1529604948,16,1687
1529604950,15,1189
1529604954,13,2089
1529604956,11,1589
1529604959,12,1502
1529604962,16,2472
1529604965,16,1461
1529604967,16,1546
1529604970,12,1448
1529604972,12,1681
1529604976,17,2600
1529604980,14,2916
1529604982,12,1209
1529604985,14,2146
1529604988,14,1880
1529604991,12,1432
1529604992,7,379
1529604994,17,1161
1529604997,14,2301
1529605000,15,1754
1529605002,7,1118
1529605005,14,1993
1529605008,13,1106
1529605010,17,1428
1529605013,13,1614
1529605015,7,1148
1529605018,17,2301
1529605021,15,1694
1529605023,7,794
1529605025,14,1345
1529605027,11,1073
1529605029,7,586
1529605031,14,1665
1529605033,7,925
1529605036,13,2099
1529605040,14,2132
1529605041,12,845
1529605044,15,1369
1529605046,13,1503
1529605048,7,1081
1529605051,15,1623
1529605054,15,2351
1529605056,7,1033
1529605059,16,1404
1529605061,12,1227
1529605063,7,1042
1529605066,15,1572
1529605068,11,1285
1529605070,13,787
1529605073,17,2220
1529605076,13,1534
1529605078,7,1124
1529605080,13,1553
1529605083,17,1903
1529605086,11,1307
1529605089,16,1789
1529605090,7,808
1529605093,17,1688
1529605095,7,1153
1529605097,13,1178
1529605100,16,1211
1529605102,16,1527
1529605104,13,981
1529605106,11,1039
1529605108,13,1195
1529605111,16,1601
1529605114,17,1836
1529605116,13,587
1529605118,16,1532
1529605120,12,672
1529605122,12,1616
1529605125,11,1322
1529605127,11,1126
1529605129,14,1512
1529605131,12,824
1529605134,14,1571
1529605136,12,793
1529605138,7,1284
1529605141,15,1488
1529605143,17,1923
1529605147,17,2208
1529605150,16,2283
1529605153,16,1762
1529605155,7,753
1529605156,7,912
1529605159,14,1280
1529605162,17,1780
1529605164,11,943
1529605166,14,1064
1529605168,16,1106
1529605170,12,1591
1529605172,7,625
1529605175,16,1934
1529605177,16,1565
1529605180,14,1181
1529605182,15,1365
1529605184,11,626
1529605186,17,1653
1529605189,14,1804
1529605191,12,1128
1529605194,14,1481
1529605197,15,1702
1529605199,16,1110
1529605202,17,2006
1529605205,17,2229
1529605208,15,2075
1529605210,7,764
1529605213,17,1693
1529605215,11,1206
1529605217,15,1233
1529605220,14,1578
1529605222,15,1330
1529605224,11,572
1529605226,14,1091
1529605227,7,732
1529605229,7,954
1529605232,13,1080
1529605234,12,1256
1529605236,7,818
1529605239,16,2064
1529605241,15,1073
1529605244,12,2151
1529605246,12,1356
1529605249,12,1521
1529605251,17,1403
1529605253,11,1028
1529605255,13,1128
1529605257,7,835
1529605259,14,1026
1529605262,14,1183
1529605264,11,1579
1529605267,17,2230
1529605270,16,1137
1529605272,17,1662
1529605274,15,997
1529605277,13,1587
1529605280,17,1856
1529605282,7,867
1529605283,7,835
1529605286,16,1735
1529605288,12,1114
1529605291,12,1126
1529605293,13,1393
1529605296,16,1836
1529605297,7,454
1529605300,11,1501
1529605302,15,1662
1529605305,13,1328
1529605308,16,1768
1529605310,16,1534
1529605312,11,1157
1529605315,14,1372
1529605317,14,1570
1529605320,17,1493
1529605323,17,2194
1529605324,7,502
1529605327,16,1714
1529605330,16,2209
1529605333,16,1684
1529605335,12,740
1529605337,11,1386
1529605340,14,1261
1529605343,14,2417
1529605346,14,2054
1529605348,15,914
1529605351,15,2023
1529605353,7,691
1529605355,15,1636
1529605358,16,1722
1529605361,15,1498
1529605363,16,1304
1529605365,12,1294
1529605367,7,1016
1529605369,7,951
1529605372,12,1187
1529605374,12,1477
1529605376,7,1201
1529605379,13,1664
1529605382,11,1926
1529605384,11,1242
1529605386,14,1268
1529605388,11,559
1529605391,12,1595
1529605393,13,1409
1529605395,7,1015
1529605397,16,991
1529605400,13,1590
1529605402,13,831
1529605404,15,1557
1529605406,7,861
1529605408,11,1176
1529605411,16,1750
1529605413,11,1231
1529605416,14,1381
1529605418,17,1393
1529605420,14,1212
1529605422,7,682
1529605424,11,1372
1529605427,17,1375
1529605429,16,1338
1529605431,12,1190
1529605434,12,1513
1529605436,16,989
1529605438,13,1245
1529605440,11,1395
1529605442,11,862
1529605444,16,1114
1529605447,16,1285
1529605449,17,1686
1529605452,11,1393
1529605454,15,751
1529605456,15,1054
1529605458,11,922
1529605460,11,1125
1529605462,17,1459
1529605465,16,2214
1529605467,7,589
1529605469,16,1118
1529605472,17,1386
1529605475,12,1964
1529605476,7,758
1529605480,16,2288
1529605481,11,387
1529605483,7,684
1529605486,13,1940
1529605489,12,2152
1529605492,15,1770
1529605494,16,1591
1529605496,7,876
1529605498,7,797
1529605500,16,1156
1529605503,16,1504
1529605505,16,1332
1529605508,13,1569
1529605510,14,934
1529605512,12,1191
1529605515,15,1766
1529605517,16,1608
1529605519,7,671
1529605522,15,1876
1529605524,7,623
1529605526,13,1603
1529605529,13,2013
1529605531,11,1159
1529605535,13,2059
1529605536,7,628
1529605539,14,1547
1529605541,14,1134
1529605543,7,815
1529605545,15,1659
1529605548,13,1260
1529605550,7,895
1529605553,17,1962
1529605555,13,1822
1529605557,7,523
1529605558,7,552
1529605561,7,1294
1529605563,11,1055
1529605565,14,1323
1529605567,11,656
1529605568,11,591
1529605571,7,1127
1529605573,12,1631
1529605576,15,1355
1529605578,16,1452
1529605580,7,567
1529605582,13,1241
1529605585,16,1806
1529605588,16,2253
1529605590,16,1404
1529605593,17,1507
1529605595,12,1169
1529605597,12,1040
1529605600,17,1852
1529605602,7,1011
1529605605,15,1873
1529605608,13,1739
1529605610,7,813
1529605612,11,1267
1529605614,15,1355
1529605617,15,1633
1529605619,12,960
1529605622,14,1656
1529605625,17,2085
1529605628,12,2371
1529605631,17,1509
1529605633,15,1187
1529605635,15,1117
1529605638,15,1788
1529605640,13,1317
1529605643,17,1484
1529605645,16,1517
1529605648,11,1491
1529605650,11,1049
1529605652,16,1367
1529605654,7,677
1529605656,14,1265
1529605659,17,1844
1529605662,13,1665
1529605664,15,1511
1529605667,15,1726
1529605670,14,1643
1529605671,16,788
1529605674,12,1442
1529605677,15,1827
1529605679,11,930
1529605681,14,923
1529605683,14,1767
1529605686,15,1783
1529605688,7,889
1529605690,13,880
1529605692,7,859
1529605694,16,1549
1529605696,12,1086
1529605699,15,1423
1529605701,14,1032
1529605703,13,1222
1529605705,11,776
1529605708,14,1554
1529605710,16,1359
1529605712,17,1520
1529605714,7,1005
1529605716,7,561
1529605719,13,2403
1529605722,12,1231
1529605724,12,1278
1529605726,15,1383
1529605728,7,891
1529605730,11,956
1529605732,7,735
1529605735,17,2128
1529605737,15,896
1529605739,7,1222
1529605741,14,971
1529605744,14,1186
1529605745,7,614
1529605748,14,1396
1529605750,12,1349
1529605753,16,1787
1529605755,11,1182
1529605757,16,1248
1529605760,15,1348
1529605763,16,2000
1529605764,7,630
1529605767,17,1291
1529605769,17,1827
1529605771,7,1033
1529605774,15,1920
1529605777,13,1394
1529605780,17,1809
1529605782,11,1491
1529605784,13,1276
1529605787,15,1334
1529605789,15,1492
1529605791,11,815
1529605793,7,736
1529605795,15,1416
1529605798,13,1801
1529605800,12,1219
1529605802,11,1056
1529605806,17,2094
1529605808,16,1314
1529605810,7,1230
1529605812,7,488
1529605814,11,1157
1529605816,14,1567
1529605818,7,362
1529605819,15,719
1529605822,14,1843
1529605825,16,1346
1529605826,7,499
1529605829,15,1751
1529605832,11,1501
1529605834,13,1888
1529605837,12,1715
1529605839,14,1262
1529605842,16,1861
1529605845,15,1270
1529605847,11,1174
1529605849,15,1222
1529605851,11,837
1529605853,12,785
1529605855,14,1258
1529605857,7,1089
1529605859,11,901
1529605861,11,1158
1529605863,12,1121
1529605865,7,1062
1529605868,14,1423
1529605870,7,838
1529605872,13,1419
1529605875,15,1574
1529605876,7,405
1529605878,15,1100
1529605881,12,1539
1529605884,13,1833
1529605886,11,1540
1529605889,14,1802
1529605891,17,1294
1529605893,14,790
1529605895,14,1170
1529605898,13,2030
1529605901,7,1108
1529605902,15,847
1529605905,14,1815
1529605908,14,1354
1529605911,17,1897
1529605912,14,784
1529605915,15,1432
1529605917,14,1240
1529605919,16,1279
1529605921,13,889
1529605924,14,1890
1529605927,16,1648
1529605930,14,1674
1529605931,16,767
1529605934,11,1192
1529605937,16,2508
1529605940,17,1868
1529605943,17,1605
1529605944,11,701
1529605948,16,2245
1529605949,12,848
1529605952,13,1571
1529605954,7,900
1529605956,16,1470
1529605959,11,1236
1529605961,11,1245
1529605963,11,1061
1529605965,13,1247
1529605968,15,1418
1529605970,7,966
1529605972,11,1603
1529605975,12,1440
1529605977,13,1221
1529605979,16,1373
1529605982,12,1832
1529605984,17,1202
1529605987,15,1626
1529605990,12,1433
1529605992,13,926
1529605994,16,1580
1529605996,7,875
1529605998,16,1445
1529606001,13,1662
1529606003,12,1140
1529606005,7,687
1529606007,13,1325
1529606009,14,1152
1529606012,12,1085
1529606013,7,622
1529606016,14,1282
1529606018,7,1002
1529606019,7,777
1529606023,14,2381
1529606024,7,685
1529606027,11,1697
1529606029,7,526
1529606030,11,506
1529606033,16,2129
1529606036,12,1936
1529606039,16,1986
1529606042,12,1413
1529606045,11,2041
1529606047,14,1531
1529606049,12,1136
1529606052,12,1174
1529606055,15,2216
1529606058,17,1867
1529606060,13,1002
1529606061,7,564
1529606064,15,1234
1529606066,11,1021
1529606068,11,1294
1529606071,11,1522
1529606073,12,1045
1529606074,11,720
1529606077,12,1534
1529606079,7,725
1529606082,17,2206
1529606084,7,885
1529606086,11,1108
1529606088,17,1440
1529606091,13,1839
1529606094,17,2131
1529606097,11,1413
1529606099,7,1012
1529606101,17,1572
1529606103,12,955
1529606106,11,1335
1529606109,15,2073
1529606111,7,1409
1529606113,7,775
1529606115,11,1016
1529606117,11,1155
1529606120,14,1522
1529606121,7,632
1529606124,14,2077
1529606127,13,1171
1529606130,16,1975
1529606132,13,1594
1529606135,16,1446
1529606137,16,1613
1529606140,11,1591
1529606143,15,1754
1529606144,11,649
1529606147,17,1442
1529606149,11,1319
1529606151,7,827
1529606153,7,831
1529606156,16,2212
1529606159,13,1826
1529606161,12,960
1529606164,17,1718
1529606166,13,1500
1529606169,15,1481
1529606172,16,2192
1529606175,17,2120
1529606177,12,1262
1529606180,12,1276
1529606182,11,990
1529606184,15,1822
1529606187,15,1438
1529606189,12,1398
1529606191,7,842
1529606194,16,1579
1529606196,7,785
1529606198,14,1539
1529606201,14,1684
1529606204,17,2026
1529606206,12,1432
1529606209,12,1634
1529606211,7,690
1529606213,13,1633
1529606216,15,1679
1529606218,13,1363
1529606220,7,648
1529606222,7,1339
1529606224,7,903
1529606226,15,898
1529606228,16,1151
1529606231,17,1356
1529606233,16,1330
1529606235,11,802
1529606237,11,566
1529606240,16,2339
1529606242,13,1030
1529606244,11,1118
1529606247,15,1706
1529606249,12,1185
1529606252,17,1512
1529606254,12,1521
1529606256,13,1281
1529606259,14,1411
1529606261,16,1075
1529606263,16,1441
1529606265,11,1117
1529606267,7,734
1529606270,12,1600
1529606273,16,1679
1529606274,11,915
1529606276,7,808
1529606279,15,1264
1529606281,15,1043
1529606282,7,787
1529606284,12,1071
1529606286,14,981
1529606288,13,805
1529606291,17,1325
1529606292,16,745
1529606295,12,1083
1529606298,17,2266
1529606300,7,973
1529606303,16,2190
1529606306,15,1699
1529606308,11,984
1529606310,16,1630
1529606313,12,1239
1529606315,11,1399
1529606317,7,816
1529606319,14,1186
1529606322,15,1500
1529606324,11,1342
1529606326,16,1379
1529606328,12,832
1529606331,16,1525
1529606333,17,1322
1529606336,15,1543
1529606338,13,844
1529606341,15,1988
1529606343,11,1025
1529606345,15,1790
1529606348,13,1692
1529606350,14,1219
1529606352,11,758
1529606355,17,1819
1529606357,13,1524
1529606360,14,1035
1529606362,12,1000
1529606363,11,779
1529606365,7,852
1529606367,12,938
1529606369,15,1047
1529606372,12,1645
1529606374,12,818
1529606376,15,968
1529606378,16,1101
1529606379,7,330
1529606381,17,867
1529606383,15,1224
1529606385,12,539
1529606387,12,1120
1529606389,17,1424
1529606392,16,1214
1529606394,12,865
1529606395,7,518
1529606397,16,1003
1529606399,17,1216
1529606401,12,728
1529606403,16,995
1529606405,11,577
1529606406,7,683
1529606408,14,763
1529606410,13,1070
1529606412,17,1131
1529606414,13,745
1529606415,7,343
1529606417,7,667
1529606419,15,607
1529606421,13,881
1529606422,11,707
1529606424,15,737
1529606426,16,1227
1529606428,16,708
1529606430,13,1051
1529606432,7,552
1529606433,13,602
1529606435,16,726
1529606437,12,576
1529606438,14,607
1529606440,11,815
1529606442,7,382
1529606443,11,516
1529606445,17,1098
1529606447,14,928
1529606450,16,1584
1529606452,16,874
1529606453,7,658
1529606455,17,674
1529606457,16,824
1529606458,12,559
1529606460,11,615
1529606462,15,1280
1529606464,11,635
1529606466,17,1209
1529606468,15,586
1529606470,12,724
1529606472,13,939
1529606473,13,894
1529606475,13,604
1529606477,14,772
1529606478,7,378
1529606481,17,1485
1529606482,11,464
1529606485,17,1372
1529606486,16,738
1529606489,17,1064
1529606490,13,755
1529606492,11,488
1529606494,17,696
1529606496,7,1016
1529606497,11,680
1529606499,13,788
1529606501,15,738
1529606502,7,431
1529606504,12,1006
1529606506,15,1053
1529606508,11,408
1529606510,12,904
1529606512,14,1173
1529606514,15,1250
1529606516,15,850
1529606518,11,359
1529606520,17,1184
1529606521,16,598
1529606523,15,956
1529606525,7,1043
1529606527,7,971
1529606530,17,1378
1529606532,13,1100
1529606533,7,274
1529606535,7,625
1529606537,12,989
1529606538,12,585
1529606540,12,743
1529606542,17,803
1529606544,13,1213
1529606546,15,661
1529606547,13,455
1529606549,14,839
1529606551,17,1129
1529606553,16,459
1529606555,12,953
1529606556,13,665
1529606558,12,448
1529606561,15,1778
1529606562,7,480
1529606564,16,1041
1529606567,14,1318
1529606568,15,767
1529606570,13,1044
1529606572,7,543
1529606574,7,638
1529606576,16,1325
1529606578,14,778
1529606580,16,1086
1529606582,14,685
1529606583,11,440
1529606584,11,383
1529606586,16,740
1529606588,16,1157
1529606590,7,291
1529606591,17,523
1529606593,11,777
1529606595,12,422
1529606596,16,926
1529606598,11,495
1529606600,13,670
1529606602,16,1376
1529606604,11,727
1529606605,16,699
1529606608,17,1436
1529606610,11,779
1529606612,11,877
1529606614,11,945
1529606616,11,1009
1529606617,12,635
1529606619,11,891
1529606621,7,314
1529606623,11,1155
1529606625,13,844
1529606626,7,395
1529606628,14,1046
1529606630,11,605
1529606632,11,1025
1529606634,11,1040
1529606636,15,1063
1529606637,7,410
1529606639,17,889
1529606641,13,1305
1529606644,17,1607
1529606646,15,1169
1529606649,15,1595
1529606651,13,827
1529606653,11,743
1529606655,16,982
1529606656,7,407
1529606659,15,1559
1529606661,16,1484
1529606663,7,648
1529606664,7,486
1529606667,15,1572
1529606669,16,1141
1529606671,11,721
1529606673,7,1070
1529606674,7,633
1529606677,17,1152
1529606679,17,1759
1529606681,13,764
1529606682,7,310
1529606684,17,916
1529606686,12,1057
1529606689,12,1041
1529606691,12,1312
1529606693,16,1154
1529606695,16,1032
1529606697,13,1133
1529606700,17,1519
1529606702,11,1365
1529606704,13,1027
1529606706,11,1028
1529606708,11,1097
1529606710,17,1045
1529606713,16,1672
1529606716,17,1501
1529606718,15,1437
1529606721,11,1630
1529606722,7,562
1529606724,12,753
1529606726,16,1342
1529606728,16,1032
1529606731,14,1438
1529606733,16,1478
1529606736,17,1238
1529606738,14,929
1529606740,17,1276
1529606742,12,1087
1529606744,16,1174
1529606746,7,771
1529606748,12,1238
1529606750,14,808
1529606752,14,616
1529606753,11,742
1529606756,16,1054
1529606757,7,557
1529606759,11,745
1529606760,7,467
1529606762,17,911
1529606764,12,742
1529606766,14,1176
1529606768,15,858
1529606770,14,703
1529606772,16,1298
1529606774,17,757
1529606776,16,707
1529606777,13,737
1529606779,16,773
1529606781,14,1046
1529606783,16,564
1529606785,11,652
1529606786,14,492
1529606787,7,291
1529606789,15,819
1529606791,7,516
1529606792,13,806
1529606794,12,569
1529606795,7,376
1529606797,12,520
1529606799,12,516
1529606800,7,303
1529606801,7,594
1529606803,7,291
1529606805,11,1320
1529606807,17,1329
1529606809,16,957
1529606811,14,573
1529606812,7,231
1529606814,12,386
1529606815,15,446
1529606817,17,804
1529606819,16,757
1529606820,15,694
1529606822,12,693
1529606824,16,822
1529606826,17,652
1529606827,11,450
1529606829,15,881
1529606831,13,912
1529606832,15,409
1529606834,17,853
1529606836,16,775
1529606838,12,768
1529606839,15,567
1529606841,7,498
1529606842,7,448
1529606844,15,687
1529606846,16,611
1529606847,11,537
1529606849,12,382
1529606850,13,506
1529606852,15,534
1529606853,16,644
1529606855,7,272
1529606856,12,523
1529606858,16,777
1529606860,17,571
1529606861,15,644
1529606863,12,672
1529606865,13,602
1529606866,13,472
1529606868,14,562
1529606869,7,244
1529606871,16,581
1529606872,7,240
1529606873,12,252
1529606875,17,1014
1529606877,16,818
1529606878,17,481
1529606880,17,381
1529606881,11,150
1529606882,7,390
1529606884,12,473
1529606885,11,541
1529606887,17,918
1529606889,16,478
1529606890,16,424
1529606892,11,456
1529606894,11,633
1529606895,16,317
1529606896,16,438
1529606898,16,266
1529606899,13,603
1529606901,15,647
1529606902,11,487
1529606904,11,383
1529606905,7,168
1529606906,17,441
1529606908,11,415
1529606909,16,403
1529606911,12,489
1529606912,11,565
1529606914,17,594
1529606915,12,320
1529606917,16,388
1529606918,11,397
1529606920,17,715
1529606921,12,279
1529606923,11,423
1529606924,11,383
1529606925,14,463
1529606927,15,537
1529606928,7,343
1529606930,7,188
1529606931,7,223
1529606932,17,468
1529606934,17,436
1529606935,16,433
1529606937,14,336
1529606938,11,508
1529606940,15,490
1529606941,17,611
1529606942,11,305
1529606944,16,436
1529606945,14,494
1529606947,7,260
1529606948,17,466
1529606950,14,359
1529606951,7,671
1529606953,13,264
1529606954,12,436
1529606955,13,456
1529606957,11,332
1529606958,14,359
1529606960,17,417
1529606961,7,299
1529606962,12,243
1529606963,12,313
1529606965,12,365
1529606966,7,230
1529606968,11,463
1529606969,12,235
1529606970,13,403
1529606972,11,299
1529606973,7,527
1529606974,16,311
1529606976,12,336
1529606977,11,343
1529606978,17,262
1529606980,12,347
1529606981,13,266
1529606982,12,354
1529606984,15,328
1529606985,7,284
1529606987,17,418
1529606988,11,243
1529606989,13,328
1529606991,16,431
1529606992,17,387
1529606993,7,228
1529606995,11,359
1529606996,16,393
1529606997,7,258
1529606999,12,437
1529607000,16,426
1529607002,14,488
1529607003,15,240
1529607004,16,364
1529607006,7,338
1529607007,16,731
1529607009,14,279
1529607010,13,326
1529607011,16,429
1529607013,17,265
1529607014,16,443
1529607016,15,355
1529607017,13,299
1529607018,15,501
1529607020,17,496
1529607021,13,240
1529607023,14,392
1529607024,7,303
1529607025,7,307
1529607027,11,341
1529607028,7,155
1529607029,16,469
1529607031,11,374
1529607032,13,268
1529607033,17,328
1529607035,14,483
1529607036,17,461
1529607038,15,328
1529607039,17,550
1529607040,15,368
1529607042,11,328
1529607043,16,353
1529607044,14,234
1529607046,7,260
1529607047,13,205
1529607048,7,270
1529607049,7,185
1529607051,14,473
1529607052,17,351
1529607054,11,294
1529607055,11,275
1529607056,11,250
1529607057,12,270
1529607059,17,502
1529607060,12,396
1529607062,13,182
1529607063,14,314
1529607064,17,354
1529607066,13,313
1529607067,15,331
1529607068,11,306
1529607070,15,377
1529607071,14,311
1529607072,15,313
1529607074,11,279
1529607075,13,376
1529607076,12,355
1529607078,12,284
1529607079,12,447
1529607081,11,518
1529607082,14,315
1529607083,17,270
1529607084,11,189
1529607086,17,358
1529607087,16,419
1529607089,16,259
1529607090,16,212
1529607091,13,274
1529607092,14,168
1529607094,15,249
1529607095,14,286
1529607096,14,517
1529607098,14,606
1529607099,16,454
1529607101,7,289
1529607102,17,381
1529607103,16,193
1529607105,17,393
1529607106,7,267
1529607108,13,497
1529607109,14,389
1529607110,17,297
1529607112,15,241
1529607113,17,373
1529607114,15,284
1529607116,13,227
1529607117,15,317
1529607118,15,277
1529607119,7,186
1529607120,7,116
1529607122,15,323
1529607123,14,241
1529607124,16,389
1529607126,11,297
1529607127,11,235
1529607128,11,320
1529607130,12,287
1529607131,17,259
1529607132,7,235
1529607134,17,394
1529607135,7,235
1529607136,13,264
1529607138,17,424
1529607139,11,252
1529607140,14,283
1529607141,13,225
1529607143,16,338
1529607144,11,209
1529607145,7,235
1529607147,17,303
1529607148,14,215
1529607149,7,178
1529607150,14,187
1529607151,15,234
1529607153,7,171
1529607154,13,404
1529607155,7,224
1529607157,14,374
1529607158,11,270
1529607159,11,295
1529607160,15,221
1529607162,7,329
1529607163,7,271
1529607164,12,297
1529607166,7,286
1529607167,13,222
1529607168,7,203
1529607169,12,262
1529607171,16,359
1529607172,11,122
1529607173,15,214
1529607175,13,345
1529607176,14,200
1529607177,15,378
1529607178,12,227
1529607180,15,299
1529607181,17,298
1529607182,15,393
1529607184,11,322
1529607185,11,330
1529607186,7,168
1529607188,14,252
1529607189,14,480
1529607190,13,196
1529607192,16,238
1529607193,13,416
1529607194,13,208
1529607196,16,284
1529607197,16,255
1529607198,16,178
1529607199,12,386
1529607201,7,288
1529607202,7,333
1529607203,15,331
1529607205,11,214
1529607206,14,324
1529607207,15,345
1529607209,16,341
1529607210,15,287
1529607211,15,411
1529607213,7,241
1529607214,14,247
1529607215,13,356
1529607217,14,309
1529607218,16,382
1529607219,12,186
1529607221,16,469
1529607222,12,232
1529607223,17,398
1529607225,13,235
1529607226,11,273
1529607227,7,208
1529607229,17,342
1529607230,16,257
1529607231,15,337
1529607232,7,194
1529607234,14,344
1529607235,13,250
1529607236,7,122
1529607238,14,366
1529607239,11,271
1529607240,7,226
1529607241,15,174
1529607243,15,305
1529607244,14,347
1529607245,13,193
1529607246,7,273
1529607248,11,267
1529607249,14,399
1529607250,7,185
1529607252,14,459
1529607253,16,314
1529607254,11,305
1529607256,12,252
1529607257,13,239
1529607258,17,293
1529607260,15,570
1529607261,14,393
1529607263,12,299
1529607264,17,351
1529607265,13,296
1529607266,7,177
1529607268,17,283
1529607269,12,235
1529607270,7,209
1529607271,12,218
1529607273,11,448
1529607274,14,408
1529607276,13,313
1529607277,13,164
1529607278,16,395
1529607279,12,171
1529607281,16,145
1529607282,11,249
1529607283,7,182
1529607284,17,292
1529607286,7,248
1529607287,14,236
1529607288,14,215
1529607289,14,271
1529607291,7,176
1529607292,17,356
1529607293,13,194
1529607294,16,245
1529607296,14,224
1529607297,17,295
1529607298,7,254
1529607300,17,414
1529607301,7,207
1529607302,15,261
1529607303,15,295
1529607305,13,282
1529607306,13,315
1529607307,11,143
1529607309,14,222
1529607310,7,180
1529607311,16,270
1529607312,17,374
1529607314,7,176
1529607315,12,241
1529607316,7,136
1529607317,17,341
1529607319,14,279
1529607320,16,283
1529607321,12,288
1529607323,17,366
1529607324,14,273
1529607325,17,241
1529607327,16,399
1529607328,13,222
1529607329,17,293
1529607330,15,290
1529607332,14,268
1529607333,12,242
1529607334,13,284
1529607336,17,342
1529607337,15,242
1529607338,15,370
1529607339,7,131
1529607341,15,179
1529607342,13,211
1529607343,7,216
1529607344,12,402
1529607346,14,284
1529607347,7,202
1529607348,11,209
1529607349,7,71
1529607350,7,206
1529607352,17,302
1529607353,12,270
1529607354,14,385
1529607356,13,351
1529607357,12,310
1529607358,12,179
1529607360,11,183
1529607361,7,177
1529607362,13,207
1529607363,15,259
1529607365,15,294
1529607366,7,285
1529607367,13,429
1529607369,17,383
1529607370,12,218
1529607371,13,450
1529607373,13,287
1529607374,7,221
1529607375,15,194
1529607376,11,303
1529607378,16,236
1529607379,12,275
1529607380,15,222
1529607381,14,250
1529607383,15,257
1529607384,7,91
1529607385,17,410
1529607387,11,254
1529607388,15,331
1529607389,17,334
1529607390,17,187
1529607392,13,266
1529607393,14,224
1529607394,14,267
1529607396,7,207
1529607397,7,269
1529607398,13,225
1529607399,12,193
1529607401,17,318
1529607402,7,204
1529607403,7,179
1529607404,7,214
1529607405,17,161
1529607407,7,140
1529607408,12,360
1529607409,7,296
1529607410,11,211
1529607412,12,269
1529607413,7,245
1529607414,14,313
1529607416,7,227
1529607417,11,328
1529607418,17,280
1529607420,15,380
1529607421,17,372
1529607422,13,280
1529607424,15,238
1529607425,13,239
1529607426,11,396
1529607428,17,530
1529607429,7,200
1529607430,15,323
1529607432,14,283
1529607433,17,391
1529607434,7,176
1529607435,13,214
1529607437,14,360
1529607438,7,292
1529607439,15,356
1529607441,12,177
1529607442,7,234
1529607443,15,277
1529607444,14,216
1529607446,7,262
1529607447,16,276
1529607448,17,338
1529607450,13,298
1529607451,15,371
1529607452,15,264
1529607454,13,385
1529607455,7,262
1529607456,12,163
1529607457,11,261
1529607459,7,204
1529607460,7,163
1529607461,12,323
1529607462,7,168
1529607464,11,173
1529607465,17,289
1529607466,12,333
1529607468,16,277
1529607469,15,255
1529607470,15,267
1529607471,7,220
1529607473,16,350
1529607474,14,168
1529607475,7,191
1529607476,15,283
1529607478,7,300
1529607479,11,295
1529607480,11,270
1529607482,11,424
1529607483,14,163
1529607484,12,286
1529607485,16,245
1529607487,11,325
1529607488,7,215
1529607489,14,284
1529607491,16,466
1529607492,7,228
1529607493,15,248
1529607495,13,217
1529607496,16,188
1529607497,15,381
1529607498,11,303
1529607500,13,288
1529607501,12,173
1529607502,14,180
1529607503,14,147
1529607505,16,297
1529607506,11,257
1529607507,16,489
1529607509,16,240
1529607510,13,233
1529607511,13,268
1529607512,13,180
1529607514,17,382
1529607515,14,333
1529607516,16,250
1529607518,17,353
1529607519,11,223
1529607520,15,189
1529607521,15,193
1529607523,14,262
1529607524,16,278
1529607525,11,269
1529607527,7,216
1529607528,16,220
1529607529,13,176
1529607530,15,276
1529607532,15,266
1529607533,7,150
1529607534,13,257
1529607535,12,212
1529607536,15,273
1529607538,13,339
1529607539,11,238
1529607540,7,147
1529607542,12,268
1529607543,14,300
1529607544,13,312
1529607545,14,219
1529607547,15,328
1529607548,16,280
1529607549,17,341
1529607551,17,330
1529607552,13,238
1529607553,11,432
1529607555,14,277
1529607556,15,276
1529607557,16,335
1529607558,11,132
1529607560,7,157
1529607561,13,346
1529607562,16,224
1529607563,17,83
1529607565,17,232
1529607566,7,208
1529607567,11,214
1529607568,17,291
1529607570,7,173
1529607571,16,335
1529607572,13,208
1529607573,11,146
1529607575,17,268
1529607576,14,275
1529607577,11,313
1529607578,15,306
1529607580,7,122
1529607581,16,206
1529607582,17,332
1529607584,14,322
1529607585,15,229
1529607586,17,292
1529607587,15,365
1529607589,16,417
1529607590,17,239
1529607591,15,191
1529607593,7,196
1529607594,14,301
1529607595,11,337
1529607597,15,391
1529607598,7,228
1529607599,12,265
1529607600,16,184
1529607602,12,327
1529607603,17,178
1529607604,11,165
1529607605,12,237
1529607606,12,154
1529607608,11,283
1529607609,13,235
1529607610,13,142
1529607611,16,208
1529607613,13,165
1529607614,17,447
1529607615,12,305
1529607617,15,206
1529607618,12,216
1529607619,15,188
1529607620,14,242
1529607622,15,375
1529607623,14,304
1529607624,11,376
1529607626,7,257
1529607627,11,182
1529607628,7,145
1529607629,16,235
1529607631,15,383
1529607632,13,256
1529607633,11,222
1529607634,11,191
1529607636,14,234
1529607637,12,247
1529607638,13,228
1529607640,16,312
1529607641,15,176
1529607642,14,352
1529607643,17,359
1529607645,12,292
1529607646,13,319
1529607647,17,345
1529607649,14,274
1529607650,13,223
1529607651,13,182
1529607652,13,265
1529607654,14,244
1529607655,17,294
1529607656,15,186
1529607657,7,127
1529607659,14,182
1529607660,13,203
1529607661,11,268
1529607662,7,156
1529607663,17,271
1529607665,15,163
1529607666,15,284
1529607667,13,210
1529607669,7,323
1529607670,15,114
1529607671,13,236
1529607672,17,362
1529607674,11,256
1529607675,14,218
1529607676,7,222
1529607677,13,264
1529607679,13,209
1529607680,11,271
1529607681,17,287
1529607682,17,237
1529607684,14,312
1529607685,15,343
1529607686,13,352
1529607688,7,206
1529607689,16,212
1529607690,16,280
1529607692,16,370
1529607693,16,344
1529607694,16,348
1529607696,14,337
1529607697,17,333
1529607698,12,211
1529607699,14,208
1529607701,13,215
1529607702,16,282
1529607703,15,268
1529607705,11,231
1529607706,7,150
1529607707,17,379
1529607708,15,274
1529607710,15,429
1529607711,11,263
1529607712,16,171
1529607714,17,257
1529607715,15,252
1529607716,12,205
1529607717,11,262
1529607719,15,233
1529607720,11,177
1529607721,7,174
1529607722,11,276
1529607723,12,136
1529607725,17,352
1529607726,15,247
1529607727,11,126
1529607728,11,224
1529607730,17,396
1529607731,12,255
1529607732,7,209
1529607734,17,422
1529607735,16,362
1529607736,7,195
1529607738,15,357
1529607739,14,274
1529607740,7,208
1529607742,11,249
1529607743,14,244
1529607744,13,239
1529607745,13,180
1529607746,12,179
1529607748,16,190
1529607749,7,191
1529607750,13,399
1529607751,11,196
1529607753,16,268
1529607754,11,273
1529607755,13,241
1529607757,17,311
1529607758,12,303
1529607759,13,203
1529607760,16,290
1529607762,14,260
1529607763,15,368
1529607764,12,229
1529607766,7,163
1529607767,13,287
1529607768,16,305
1529607770,12,302
1529607771,11,163
1529607772,15,316
1529607773,7,172
1529607775,17,270
1529607776,16,264
1529607777,16,400
1529607779,13,290
1529607780,13,266
1529607781,16,185
1529607782,17,244
1529607784,14,259
1529607785,12,194
1529607786,11,307
1529607787,14,180
1529607789,13,230
1529607790,12,161
1529607791,12,304
1529607792,13,196
1529607794,16,284
1529607795,17,230
1529607796,11,380
1529607797,7,143
1529607799,13,299
1529607800,16,214
1529607801,7,252
1529607802,12,265
1529607804,17,345
1529607805,17,328
1529607806,17,277
1529607808,11,290
1529607809,15,291
1529607810,11,186
1529607811,7,139
1529607813,15,390
1529607814,13,321
1529607815,15,200
1529607817,16,302
1529607818,16,257
1529607819,12,201
1529607820,7,245
1529607822,14,260
1529607823,7,138
1529607824,13,254
1529607825,11,202
1529607827,17,294
1529607828,14,246
1529607829,7,144
1529607830,16,295
1529607832,14,175
1529607833,11,169
1529607834,12,131
1529607835,7,178
1529607836,14,331
1529607838,13,302
1529607839,15,281
1529607840,17,323
1529607842,7,220
1529607843,13,213
1529607844,14,235
1529607845,11,250
1529607847,12,167
1529607848,7,218
1529607849,17,273
1529607850,12,203
1529607852,14,201
1529607853,7,270
1529607854,16,225
1529607855,17,361
1529607857,12,307
1529607858,12,341
1529607860,16,365
1529607861,11,329
1529607862,17,261
1529607863,15,279
1529607865,13,246
1529607866,13,350
1529607867,13,279
1529607869,12,164
1529607870,15,355
1529607871,16,265
1529607873,15,330
1529607874,15,259
1529607875,13,269
1529607876,7,318
1529607878,7,155
1529607879,11,194
1529607880,7,178
1529607881,11,204
1529607882,12,280
1529607884,12,248
1529607885,7,203
1529607886,17,237
1529607888,12,330
1529607889,14,234
1529607890,17,306
1529607891,14,241
1529607893,7,231
1529607894,13,227
1529607895,14,232
1529607897,11,381
1529607898,11,207
1529607899,7,215
1529607900,14,238
1529607902,14,287
1529607903,14,254
1529607904,11,183
1529607905,7,151
1529607906,15,272
1529607908,14,265
1529607909,12,154
1529607910,14,200
1529607911,14,299
1529607913,12,223
1529607914,15,191
1529607915,13,154
1529607916,7,133
1529607917,7,165
1529607919,12,341
1529607920,12,192
1529607921,15,237
1529607922,15,299
1529607924,12,284
1529607925,12,171
1529607926,15,228
1529607928,13,285
1529607929,11,187
1529607930,7,135
1529607931,11,296
1529607932,15,204
1529607934,13,264
1529607935,7,166
1529607936,12,237
1529607937,12,214
1529607939,15,283
1529607940,13,333
1529607941,14,229
1529607942,14,175
1529607944,15,303
1529607945,12,197
1529607946,13,263
1529607947,16,236
1529607949,12,200
1529607950,11,347
1529607951,15,295
1529607953,15,267
1529607954,17,164
1529607955,16,363
1529607957,11,338
1529607958,16,263
1529607959,15,240
1529607960,13,231
1529607962,15,268
1529607963,16,292
1529607964,11,195
1529607965,7,207
1529607967,13,284
1529607968,7,257
1529607969,12,170
1529607970,7,40
1529607971,11,239
1529607973,14,263
1529607974,14,287
1529607975,13,194
1529607977,15,282
1529607978,13,242
1529607979,13,275
1529607980,14,315
1529607982,7,178
1529607983,13,122
1529607984,16,224
1529607985,7,189
1529607986,7,168
1529607988,7,254
1529607989,15,321
1529607990,7,172
1529607991,7,256
1529607993,11,196
1529607994,15,370
1529607995,12,264
1529607997,14,353
1529607998,12,193
1529607999,17,328
1529608000,11,191
1529608002,12,187
1529608003,11,245
1529608004,11,248
1529608005,17,296
1529608007,12,194
1529608008,12,327
1529608009,14,289
1529608010,7,133
1529608012,14,214
1529608013,17,354
1529608014,7,146
1529608015,14,193
1529608017,7,258
1529608018,17,291
1529608019,13,158
1529608020,16,159
1529608022,11,195
1529608023,7,264
1529608024,15,355
1529608025,7,245
1529608027,15,287
1529608028,13,261
1529608029,17,195
1529608031,15,248
1529608032,7,191
1529608033,12,163
1529608034,13,236
1529608035,12,215
1529608037,14,193
1529608038,12,427
1529608039,14,321
1529608041,15,255
1529608042,7,217
1529608043,11,268
1529608044,15,302
1529608046,12,249
1529608047,11,220
1529608048,13,140
1529608049,16,239
1529608051,12,181
1529608052,11,225
1529608053,14,228
1529608054,17,313
1529608056,12,199
1529608057,12,317
1529608058,17,342
1529608060,14,213
1529608061,13,199
1529608062,12,215
1529608063,13,284
1529608065,17,272
1529608066,12,211
1529608067,7,163
1529608068,17,262
1529608070,12,226
1529608071,12,213
1529608072,7,160
1529608073,7,221
1529608074,7,181
1529608076,7,267
1529608077,13,282
1529608078,7,191
1529608079,17,212
1529608081,14,226
1529608082,11,302
1529608083,12,287
1529608085,17,291
1529608086,15,229
1529608087,7,169
1529608088,11,217
1529608089,7,161
1529608090,7,155
1529608092,14,239
1529608093,13,285
1529608094,17,345
1529608096,7,188
1529608097,11,250
1529608098,7,156
1529608099,14,228
1529608101,7,292
1529608102,13,200
1529608103,12,178
1529608104,11,191
1529608106,16,487
1529608107,14,278
1529608108,15,271
1529608110,12,166
1529608111,15,232
1529608112,11,322
1529608113,12,170
1529608115,14,193
1529608116,12,274
1529608117,7,49
1529608118,17,247
1529608119,13,238
1529608121,13,233
1529608122,17,290
1529608123,16,226
1529608125,15,331
1529608126,16,326
1529608127,7,133
1529608128,7,215
1529608130,11,377
1529608131,11,272
1529608132,13,283
1529608134,17,317
1529608135,16,226
1529608136,15,183
1529608137,7,230
1529608138,14,207
1529608140,7,230
1529608141,13,182
1529608142,13,302
1529608143,7,224
1529608145,15,209
1529608146,17,208
1529608147,17,247
1529608149,11,344
1529608150,16,256
1529608151,12,198
1529608152,14,341
1529608154,17,272
1529608155,14,260
1529608156,7,105
1529608157,13,251
1529608159,14,313
1529608160,14,231
1529608161,11,351
1529608163,13,373
1529608164,14,273
1529608165,7,268
1529608167,7,284
1529608168,7,209
1529608169,7,190
1529608170,7,219
1529608171,11,115
1529608173,15,201
1529608174,16,334
1529608175,12,338
1529608176,11,210
1529608178,11,205
1529608179,15,156
1529608180,16,427
1529608182,13,239
1529608183,15,152
1529608184,7,179
1529608185,16,177
1529608186,7,167
1529608188,12,392
1529608189,15,198
1529608190,12,243
1529608191,14,225
1529608193,17,282
1529608194,15,234
1529608195,14,199
1529608196,7,149
1529608198,14,322
1529608199,16,304
1529608200,7,149
1529608201,14,250
1529608203,16,292
1529608204,17,259
1529608205,11,193
1529608206,13,217
1529608208,16,327
1529608209,7,160
1529608210,7,215
1529608212,17,317
1529608213,16,333
1529608214,14,175
1529608215,15,155
1529608216,7,214
1529608218,7,138
1529608219,14,116
1529608220,15,247
1529608221,17,252
1529608223,11,231
1529608224,14,357
1529608225,17,234
1529608226,12,206
1529608228,16,340
1529608229,13,276
1529608230,13,242
1529608232,16,223
1529608233,14,117
1529608234,7,198
1529608235,15,264
1529608237,11,448
1529608238,13,242
1529608239,11,217
1529608240,11,233
1529608242,11,206
1529608243,17,243
1529608244,12,280
1529608245,16,281
1529608247,15,246
1529608248,12,240
1529608249,7,194
1529608251,11,316
1529608252,14,312
1529608253,12,224
1529608254,12,226
1529608255,14,118
1529608257,12,415
1529608258,7,194
1529608259,12,271
1529608261,11,186
1529608262,7,120
1529608263,7,243
1529608264,7,310
1529608266,14,320
1529608267,14,229
1529608268,14,160
1529608269,11,306
1529608271,7,191
1529608272,7,153
1529608273,17,302
1529608274,15,264
1529608276,11,225
1529608277,16,267
1529608278,17,315
1529608279,15,250
1529608281,17,286
1529608282,13,166
1529608283,17,275
1529608285,14,257
1529608286,16,261
1529608287,15,237
1529608288,14,323
1529608290,14,236
1529608291,13,296
1529608292,14,202
1529608293,12,173
1529608295,13,295
1529608296,15,278
1529608297,17,158
1529608298,15,310
1529608300,12,238
1529608301,12,260
1529608302,7,127
1529608303,7,200
1529608305,7,207
1529608306,13,212
1529608307,14,288
1529608308,15,265
1529608310,13,228
1529608311,13,290
1529608312,11,177
1529608313,11,272
1529608315,14,308
1529608316,14,275
1529608317,13,278
1529608318,11,146
1529608320,7,269
1529608321,16,345
1529608322,7,259
1529608324,17,171
1529608325,11,145
1529608326,14,233
1529608327,7,156
1529608328,12,159
1529608329,17,127
1529608331,17,209
1529608332,15,232
1529608333,7,158
1529608334,14,188
1529608335,13,145
1529608337,7,201
1529608338,7,189
1529608339,14,404
1529608341,13,273
1529608342,11,220
1529608343,17,182
1529608344,13,304
1529608346,11,319
1529608347,15,360
1529608348,16,256
1529608350,7,175
1529608351,11,210
1529608352,14,186
1529608353,13,243
1529608354,14,206
1529608356,11,296
1529608357,7,149
1529608358,16,360
1529608360,11,235
1529608361,13,266
1529608362,12,204
1529608363,17,326
1529608365,13,255
1529608366,15,252
1529608367,13,212
1529608369,17,416
1529608370,15,230
1529608371,13,323
1529608372,13,189
1529608374,17,165
1529608375,16,283
1529608376,16,269
1529608377,16,183
1529608379,7,133
1529608380,14,294
1529608381,11,182
1529608382,7,265
1529608384,12,321
1529608385,12,283
1529608386,14,112
1529608387,15,139
1529608388,12,193
1529608390,7,174
1529608391,16,280
1529608392,13,210
1529608393,12,247
1529608395,12,138
1529608396,12,210
1529608397,14,348
1529608399,11,288
1529608400,14,314
1529608401,11,318
1529608402,16,209
1529608404,7,289
1529608405,11,184
1529608406,15,238
1529608407,11,170
1529608409,14,246
1529608410,13,246
1529608411,12,296
1529608412,16,145
1529608414,7,249
1529608415,17,310
1529608416,17,312
1529608418,16,319
1529608419,12,176
1529608420,12,193
1529608421,14,246
1529608422,12,162
1529608424,15,293
1529608425,13,231
1529608426,13,318
1529608428,13,176
1529608429,11,235
1529608430,12,195
1529608431,12,496
1529608433,13,256
1529608434,16,282
1529608435,16,319
1529608437,14,241
1529608438,14,240
1529608439,15,272
1529608440,7,249
1529608442,11,267
1529608443,16,399
1529608445,16,364
1529608446,11,168
1529608447,7,188
1529608448,12,149
1529608449,13,213
1529608451,15,427
1529608452,7,250
1529608453,7,203
1529608455,13,274
1529608456,15,210
1529608457,14,276
1529608458,12,126
1529608459,11,251
1529608461,12,258
1529608462,12,193
1529608463,7,183
1529608464,13,269
1529608466,7,188
1529608467,12,206
1529608468,13,262
1529608469,16,173
1529608471,14,289
1529608472,17,319
1529608473,12,166
1529608474,13,196
1529608476,15,179
1529608477,14,222
1529608478,11,389
1529608479,7,257
1529608481,13,192
1529608482,11,195
1529608483,11,186
1529608484,12,176
1529608485,13,234
1529608487,17,197
1529608488,13,153
1529608489,7,212
1529608490,13,252
1529608492,7,197
1529608493,14,310
1529608494,7,142
1529608495,11,266
1529608497,7,194
1529608498,16,362
1529608499,12,348
1529608501,15,246
1529608502,7,119
1529608503,7,166
1529608504,11,259
1529608505,17,333
1529608507,16,297
1529608508,11,233
1529608509,17,296
1529608511,7,207
1529608512,16,433
1529608513,12,235
1529608514,17,130
1529608516,17,138
1529608517,15,345
1529608518,16,270
1529608520,13,304
1529608521,17,275
1529608522,17,262
1529608523,12,231
1529608525,17,302
1529608526,11,204
1529608527,7,222
1529608528,15,235
1529608530,13,371
1529608531,13,389
1529608532,13,288
1529608534,13,239
1529608535,12,155
1529608536,7,181
1529608537,11,249
1529608539,16,210
1529608540,14,311
1529608541,13,316
1529608543,17,331
1529608544,17,197
1529608545,11,153
1529608546,11,188
1529608547,16,266
1529608549,7,253
1529608550,17,330
1529608551,7,113
1529608552,13,223
1529608554,11,165
1529608555,11,227
1529608556,16,207
1529608557,7,187
1529608558,17,189
1529608560,14,205
1529608561,14,268
1529608562,12,221
1529608563,16,248
1529608565,7,238
1529608566,12,278
1529608567,12,115
1529608568,12,236
1529608570,14,236
1529608571,15,334
1529608572,15,202
1529608574,13,310
1529608575,14,300
1529608576,17,370
1529608578,12,316
1529608579,15,210
1529608580,7,234
1529608581,16,254
1529608583,17,318
1529608584,7,165
1529608585,14,295
1529608586,7,166
1529608588,13,287
1529608589,12,283
1529608590,7,143
1529608591,11,250
1529608593,15,192
1529608594,13,273
1529608595,16,152
1529608596,11,132
1529608597,13,241
1529608599,15,270
1529608600,16,192
1529608601,12,250
1529608603,15,311
1529608604,11,193
1529608605,7,117
1529608606,14,296
1529608607,7,208
1529608609,12,228
1529608610,17,220
1529608611,16,391
1529608613,11,259
1529608614,13,152
1529608615,13,210
1529608616,7,248
1529608618,14,271
1529608619,11,208
1529608620,13,211
1529608621,7,235
1529608622,15,262
1529608624,11,217
1529608625,14,170
1529608626,11,281
1529608627,11,204
1529608629,7,292
1529608630,7,192
1529608631,7,175
1529608632,13,206
1529608634,15,279
1529608635,16,227
1529608636,12,210
1529608637,17,174
1529608638,12,196
1529608640,15,195
1529608641,14,260
1529608642,14,282
1529608644,16,365
1529608645,11,257
1529608646,14,285
1529608648,17,252
1529608649,16,167
1529608650,14,176
1529608651,15,206
1529608652,14,241
1529608654,14,185
1529608655,17,236
1529608656,16,203
1529608657,7,149
1529608658,7,210
1529608660,7,181
1529608661,14,113
1529608662,14,334
1529608663,17,331
1529608665,12,215
1529608666,13,180
1529608667,13,307
1529608668,14,231
1529608670,14,275
1529608671,12,230
1529608672,16,310
1529608674,15,354
1529608675,14,159
1529608676,17,269
1529608677,13,250
1529608679,12,269
1529608680,13,300
1529608681,15,278
1529608682,7,146
1529608684,11,128
1529608685,11,196
1529608686,16,266
1529608687,11,122
1529608689,17,294
1529608690,11,243
1529608691,11,154
1529608692,16,361
1529608694,15,302
1529608695,13,233
1529608696,14,230
1529608697,12,218
1529608699,7,273
1529608700,11,218
1529608701,12,181
1529608703,16,472
1529608704,13,219
1529608705,17,166
1529608706,12,217
1529608707,11,179
1529608709,13,266
1529608710,15,270
1529608711,11,285
1529608713,16,335
1529608714,7,175
1529608715,7,169
1529608716,16,225
1529608718,12,332
1529608719,12,223
1529608720,12,209
1529608721,15,205
1529608723,16,236
1529608724,14,231
1529608725,7,243
1529608726,7,228
1529608728,13,314
1529608729,12,232
1529608730,12,227
1529608731,13,298
1529608733,16,211
1529608734,15,263
1529608735,14,342
1529608737,17,301
1529608738,12,165
1529608739,15,246
1529608741,17,418
1529608742,15,409
1529608743,11,269
1529608744,17,264
1529608746,12,259
1529608747,12,316
1529608748,14,261
1529608750,14,321
1529608751,7,145
1529608752,12,196
1529608753,17,204
1529608755,13,267
1529608756,7,250
1529608757,12,212
1529608758,11,161
1529608759,14,149
1529608761,7,139
1529608762,11,201
1529608763,12,216
1529608764,17,270
1529608766,15,334
1529608767,15,304
1529608768,12,233
1529608770,17,348
1529608771,14,313
1529608772,14,178
1529608773,7,309
1529608775,14,484
1529608776,12,298
1529608777,15,153
1529608779,16,276
1529608780,13,253
1529608781,15,272
1529608783,12,244
1529608784,11,99
1529608785,16,333
1529608786,13,248
1529608788,14,329
1529608789,12,177
1529608790,16,274
1529608791,13,195
1529608792,7,209
1529608794,15,286
1529608795,12,282
1529608796,7,162
1529608798,17,312
1529608799,14,289
1529608800,13,169
1529608801,11,265
1529608803,7,192
1529608804,17,223
1529608805,15,419
1529608806,17,213
1529608808,7,198
1529608809,14,314
1529608810,7,200
1529608811,11,208
1529608813,15,281
1529608814,17,219
1529608815,15,238
1529608816,13,197
1529608818,12,118
1529608819,7,193
1529608820,12,339
1529608821,12,213
1529608823,17,239
1529608824,12,338
1529608825,11,293
1529608827,15,306
1529608828,13,222
1529608829,17,192
1529608830,15,290
1529608832,17,254
1529608833,13,179
1529608834,11,189
1529608835,16,269
1529608837,12,305
1529608838,11,228
1529608839,7,248
1529608840,7,162
1529608841,13,197
1529608843,15,232
1529608844,16,297
1529608845,12,236
1529608847,12,262
1529608848,14,309
1529608849,12,168
1529608850,7,137
1529608851,12,156
1529608853,15,312
1529608854,15,229
1529608855,15,233
1529608856,7,120
1529608858,7,239
1529608859,16,258
1529608860,16,251
1529608861,12,273
1529608863,17,248
1529608864,16,156
1529608865,14,303
1529608866,13,254
1529608868,16,287
1529608869,12,190
1529608870,15,314
1529608872,14,242
1529608873,15,254
1529608874,11,131
1529608875,17,347
1529608877,14,259
1529608878,7,197
1529608879,11,250
1529608880,13,199
1529608881,7,181
1529608883,11,360
1529608884,15,240
1529608885,11,159
1529608887,13,332
1529608888,11,260
1529608889,14,270
1529608890,14,182
1529608891,7,94
1529608893,17,260
1529608894,12,124
1529608895,7,161
1529608896,14,196
1529608897,16,242
1529608899,11,185
1529608900,14,470
1529608902,14,348
1529608903,12,272
1529608904,11,232
1529608905,17,221
1529608907,13,216
1529608908,7,122
1529608909,7,121
1529608910,17,218
1529608911,16,399
1529608913,13,207
1529608914,14,262
1529608915,16,272
1529608917,16,307
1529608918,11,270
1529608919,16,242
1529608920,17,229
1529608922,17,275
1529608923,13,290
1529608924,15,151
1529608926,17,312
1529608927,15,177
1529608928,16,234
1529608929,11,131
1529608930,16,263
1529608932,13,199
1529608933,7,192
1529608934,7,210
1529608935,13,215
1529608936,15,131
1529608938,7,199
1529608939,7,194
1529608940,7,210
1529608941,17,111
1529608942,14,178
1529608944,17,220
1529608945,12,426
1529608946,7,219
1529608948,14,286
1529608949,16,177
1529608950,14,207
1529608951,12,254
1529608952,7,100
1529608954,15,266
1529608955,13,125
1529608956,14,253
1529608957,11,206
1529608959,17,214
1529608960,14,236
1529608961,13,215
1529608962,12,238
1529608964,16,322
1529608965,14,227
1529608966,13,212
1529608967,15,206
1529608969,13,285
1529608970,17,361
1529608971,16,307
1529608973,15,252
1529608974,15,402
1529608975,7,245
1529608976,7,198
1529608978,14,184
1529608979,7,144
1529608980,13,262
1529608981,14,232
1529608982,12,167
1529608984,12,226
1529608985,16,295
1529608986,13,343
1529608988,7,187
1529608989,7,212
1529608990,13,345
1529608992,17,486
1529608993,13,201
1529608994,7,223
1529608995,13,289
1529608997,11,200
1529608998,11,177
1529608999,13,254
1529609000,14,270
1529609002,16,194
1529609003,17,247
1529609004,17,354
1529609005,11,186
1529609007,15,261
1529609008,15,260
1529609009,12,246
1529609010,11,204
1529609012,16,275
1529609013,17,312
1529609014,11,306
1529609016,15,264
1529609017,16,229
1529609018,7,305
1529609020,15,296
1529609021,14,179
1529609022,13,244
1529609023,15,185
1529609024,7,241
1529609026,7,197
1529609027,13,362
1529609028,17,200
1529609029,7,175
1529609031,17,305
1529609032,11,183
1529609033,15,294
1529609035,17,281
1529609036,16,234
1529609037,16,284
1529609038,17,190
1529609040,16,479
1529609041,14,200
1529609042,11,289
1529609044,12,236
1529609045,11,299
1529609046,17,219
1529609047,17,214
1529609049,7,275
1529609050,13,188
1529609051,15,324
1529609052,13,243
1529609054,11,183
1529609055,11,158
1529609056,16,342
1529609058,14,293
1529609059,12,210
1529609060,16,365
1529609061,13,215
1529609063,16,287
1529609064,13,209
1529609065,16,348
1529609066,7,124
1529609068,13,337
1529609069,7,194
1529609070,11,128
1529609071,7,103
1529609072,13,202
1529609074,11,180
1529609075,15,199
1529609076,7,155
1529609077,11,241
1529609078,16,170
1529609080,11,204
1529609081,12,300
1529609082,14,411
1529609084,15,239
1529609085,17,234
1529609086,15,196
1529609087,13,271
1529609089,11,134
1529609090,7,154
1529609091,11,244
1529609092,7,222
1529609093,11,113
1529609095,13,290
1529609096,15,220
1529609097,16,356
1529609098,7,138
1529609100,7,120
1529609101,15,257
1529609102,16,235
1529609103,15,168
1529609104,7,114
1529609106,12,234
1529609107,7,104
1529609108,13,188
1529609109,7,185
1529609111,14,308
1529609112,7,150
1529609113,17,282
1529609114,17,328
1529609116,12,311
1529609117,15,194
1529609118,12,193
1529609119,11,146
1529609120,11,194
1529609122,15,296
1529609123,14,264
1529609124,14,315
1529609126,14,233
1529609127,15,243
1529609128,15,253
1529609129,15,239
1529609131,7,154
1529609132,14,149
1529609133,12,169
1529609134,11,175
1529609135,14,183
1529609136,13,138
1529609138,13,207
1529609139,17,272
1529609140,17,206
1529609141,7,179
1529609143,13,377
1529609144,7,110
1529609145,13,187
1529609146,17,261
1529609148,11,196
1529609149,15,204
1529609150,15,293
1529609151,16,318
1529609153,7,201
1529609154,17,208
1529609155,12,260
1529609156,16,187
1529609158,13,210
1529609159,12,122
1529609160,11,244
1529609161,15,259
1529609163,15,365
1529609164,17,276
1529609165,7,253
1529609166,12,245
1529609168,12,348
1529609169,17,264
1529609171,14,421
1529609172,16,270
1529609173,13,139
1529609174,7,200
1529609175,7,178
1529609177,14,220
1529609178,17,176
1529609179,12,145
1529609180,15,288
1529609181,12,195
1529609183,15,312
1529609184,11,243
1529609185,16,249
1529609186,15,210
1529609188,17,418
1529609189,13,129
1529609190,7,155
1529609192,16,299
1529609193,11,191
1529609194,7,149
1529609195,7,158
1529609196,7,126
1529609197,15,113
1529609199,11,212
1529609200,17,253
1529609201,16,218
1529609202,14,368
1529609204,14,225
1529609205,16,145
1529609206,11,197
1529609207,17,236
1529609209,14,240
1529609210,15,173
1529609211,11,338
1529609212,13,277
1529609214,12,339
1529609215,17,233
1529609216,12,224
1529609218,15,331
1529609219,16,268
1529609220,7,212
1529609221,14,264
1529609223,11,231
1529609224,15,313
1529609225,14,222
1529609226,14,196
1529609228,14,230
1529609229,11,318
1529609230,12,208
1529609232,14,296
1529609233,11,260
1529609234,13,183
1529609235,7,174
1529609236,11,197
1529609238,17,176
1529609239,16,205
1529609240,15,297
1529609241,11,216
1529609243,13,223
1529609244,16,328
1529609245,17,322
1529609247,7,117
1529609248,11,183
1529609249,17,215
1529609250,11,148
1529609251,11,202
1529609253,17,268
1529609254,11,225
1529609255,15,335
1529609256,15,253
1529609258,14,215
1529609259,7,222
1529609260,11,288
1529609261,15,215
1529609263,14,360
1529609264,11,192
1529609265,15,431
1529609267,7,111
1529609268,15,220
1529609269,11,209
1529609270,16,250
1529609272,14,232
1529609273,16,193
1529609275,17,727
1529609276,11,253
1529609277,14,230
1529609278,14,202
1529609280,13,265
1529609281,11,280
1529609282,16,283
1529609283,12,237
1529609285,11,205
1529609286,7,188
1529609287,13,324
1529609288,15,312
1529609290,11,216
1529609291,12,259
1529609292,15,219
1529609293,12,164
1529609295,14,241
1529609296,14,207
1529609297,7,230
1529609298,7,204
1529609299,7,158
1529609301,15,275
1529609302,7,209
1529609303,15,170
1529609304,16,179
1529609306,17,248
1529609307,7,169
1529609308,7,168
1529609309,13,262
1529609311,7,232
1529609312,13,160
1529609313,7,183
1529609314,12,65
1529609315,13,190
1529609316,16,206
1529609318,12,219
1529609319,13,246
1529609320,14,246
1529609322,16,312
1529609323,15,236
1529609324,7,181
1529609325,16,381
1529609327,12,328
1529609328,12,287
1529609329,17,297
1529609331,13,210
1529609332,17,301
1529609333,16,286
1529609335,17,325
1529609336,7,190
1529609337,15,225
1529609338,15,245
1529609339,13,217
1529609341,12,231
1529609342,15,318
1529609343,14,253
1529609345,16,210
1529609346,12,263
1529609347,14,131
1529609348,14,164
1529609349,13,225
1529609350,7,104
1529609352,11,215
1529609353,11,206
1529609354,17,259
1529609355,16,167
1529609357,7,244
1529609358,14,204
1529609359,11,100
1529609360,7,166
1529609361,16,271
1529609363,13,166
1529609364,13,213
1529609365,17,252
1529609366,7,239
1529609368,15,240
1529609369,16,353
1529609370,7,108
1529609371,12,210
1529609373,7,156
1529609374,14,170
1529609375,7,100
1529609376,16,146
1529609377,16,191
1529609378,7,142
1529609380,13,212
1529609381,11,234
1529609382,15,345
1529609383,17,276
1529609385,12,278
1529609386,11,121
1529609387,7,213
1529609389,14,434
1529609390,13,229
1529609391,16,227
1529609392,14,255
1529609394,16,239
1529609395,17,192
1529609396,16,269
1529609397,7,95
1529609398,11,239
1529609400,15,278
1529609401,13,246
1529609402,7,157
1529609403,7,157
1529609405,16,196
1529609406,11,174
1529609407,7,154
1529609408,11,150
1529609409,17,270
1529609411,11,172
1529609412,16,288
1529609413,11,242
1529609414,15,273
1529609416,15,184
1529609417,14,502
1529609418,14,155
1529609420,15,252
1529609421,13,210
1529609422,12,360
1529609424,17,377
1529609425,14,254
1529609426,11,221
1529609427,11,307
1529609429,7,141
1529609430,7,131
1529609431,12,282
1529609432,7,239
1529609433,11,239
1529609435,17,323
1529609436,14,339
1529609437,17,190
1529609439,14,222
1529609440,7,185
1529609441,16,150
1529609442,13,366
1529609444,13,147
1529609445,17,224
1529609446,14,201
1529609447,14,154
1529609449,11,317
1529609450,15,343
1529609451,17,209
1529609452,12,216
1529609454,14,238
1529609455,15,189
1529609456,15,386
1529609457,12,121
1529609459,16,261
1529609460,14,259
1529609461,7,118
1529609462,12,260
1529609464,17,400
1529609465,11,102
1529609466,13,399
1529609467,15,179
1529609469,7,214
1529609470,7,156
1529609471,7,165
1529609472,12,163
1529609473,13,171
1529609475,13,195
1529609476,14,246
1529609477,13,265
1529609478,13,255
1529609480,17,271
1529609481,12,226
1529609482,13,174
1529609483,16,214
1529609485,13,371
1529609486,11,207
1529609487,17,258
1529609488,11,198
1529609490,13,210
1529609491,16,197
1529609492,13,231
1529609493,7,154
1529609495,11,276
1529609496,12,192
1529609497,7,202
1529609498,12,277
1529609500,17,231
1529609501,12,289
1529609502,11,188
1529609503,13,283
1529609505,13,313
1529609506,13,239
1529609507,7,195
1529609509,14,341
1529609510,7,354
1529609511,16,158
1529609512,13,283
1529609514,15,298
1529609515,12,256
1529609516,13,248
1529609517,11,72
1529609519,15,190
1529609520,7,278
1529609521,13,188
1529609522,17,160
1529609523,17,248
1529609525,17,367
1529609526,7,102
1529609527,16,211
1529609528,15,226
1529609530,13,295
1529609531,7,192
1529609532,13,172
1529609533,17,302
1529609535,14,232
1529609536,13,268
1529609537,17,316
1529609539,13,269
1529609540,12,114
1529609541,14,213
1529609542,7,217
1529609544,15,263
1529609545,12,158
1529609546,16,166
1529609547,17,326
1529609549,17,313
1529609550,16,313
1529609551,16,178
1529609552,14,226
1529609554,12,187
1529609555,13,304
1529609556,12,150
1529609557,16,329
1529609559,15,232
1529609560,12,181
1529609561,14,220
1529609562,14,218
1529609563,16,163
1529609565,16,271
1529609566,15,176
1529609567,16,206
1529609568,14,239
1529609570,15,253
1529609571,16,212
1529609572,17,194
1529609573,11,325
1529609575,13,287
1529609576,17,183
1529609577,12,227
1529609579,15,328
1529609580,17,347
1529609581,13,144
1529609582,15,225
1529609584,13,192
1529609585,7,216
1529609586,16,292
1529609587,16,229
1529609589,17,195
1529609590,7,211
1529609591,12,268
1529609592,16,269
1529609593,7,187
1529609595,16,435
1529609596,16,278
1529609598,16,319
1529609599,7,82
1529609600,13,258
1529609601,16,302
1529609603,15,374
1529609604,15,399
1529609605,7,36
1529609606,15,243
1529609608,7,276
1529609609,15,204
1529609610,16,188
1529609611,16,310
1529609613,17,250
1529609614,17,353
1529609615,7,88
1529609616,16,204
1529609618,14,173
1529609619,16,263
1529609620,17,249
1529609621,15,230
1529609622,12,64
1529609624,13,251
1529609625,16,321
1529609626,15,172
1529609627,7,228
1529609629,14,279
1529609630,13,141
1529609631,11,315
1529609632,7,245
1529609634,13,241
1529609635,15,171
1529609636,15,212
1529609637,13,159
1529609638,12,137
1529609640,13,165
1529609641,16,394
1529609642,14,319
1529609644,11,288
1529609645,7,217
1529609646,13,193
1529609647,15,242
1529609649,17,206
1529609650,17,221
1529609651,14,150
1529609652,7,214
1529609654,17,351
1529609655,15,143
1529609656,12,225
1529609657,7,179
1529609658,13,239
1529609660,12,255
1529609661,12,296
1529609662,15,251
1529609664,11,216
1529609665,13,343
1529609666,16,196
1529609667,16,362
1529609669,13,161
1529609670,17,216
1529609671,13,122
1529609672,16,139
1529609673,12,269
1529609675,17,232
1529609676,17,418
1529609677,15,204
1529609679,7,128
1529609680,17,156
1529609681,12,209
1529609682,14,188
1529609683,12,209
1529609685,15,223
1529609686,15,394
1529609687,14,264
1529609689,14,233
1529609690,14,233
1529609691,16,290
1529609692,13,187
1529609693,12,164
1529609695,14,208
1529609696,11,200
1529609697,14,388
1529609699,15,310
1529609700,7,110
1529609701,13,174
1529609702,11,127
1529609703,7,118
1529609705,13,353
1529609706,13,155
1529609707,7,149
1529609708,12,144
1529609709,11,211
1529609711,17,350
1529609712,12,234
1529609713,14,212
1529609714,11,108
1529609716,12,241
1529609717,15,164
1529609718,14,228
1529609719,17,241
1529609721,11,287
1529609722,11,162
1529609723,11,164
1529609724,7,112
1529609725,7,157
1529609726,12,228
1529609728,11,212
1529609729,12,151
1529609730,17,337
1529609731,16,221
1529609733,7,98
1529609734,11,213
1529609735,11,243
1529609736,17,396
1529609738,16,366
1529609739,7,173
1529609740,13,231
1529609741,7,178
1529609743,17,354
1529609744,17,194
1529609745,16,353
1529609747,11,222
1529609748,11,132
1529609749,11,168
1529609750,12,157
1529609751,11,224
1529609753,7,180
1529609754,12,224
1529609755,13,310
1529609756,14,187
1529609758,16,291
1529609759,11,234
1529609760,12,110
1529609761,7,204
1529609762,7,151
1529609764,7,146
1529609765,17,399
1529609766,16,229
1529609767,14,203
1529609769,12,232
1529609770,7,122
1529609771,16,258
1529609772,7,146
1529609774,14,289
1529609775,11,202
1529609776,16,331
1529609777,12,211
1529609779,15,146
1529609780,16,344
1529609781,13,175
1529609782,13,296
1529609784,14,236
1529609785,12,179
1529609786,15,241
1529609787,14,332
1529609789,13,133
1529609790,16,143
1529609791,16,263
1529609792,11,201
1529609794,17,445
1529609795,12,282
1529609796,15,166
1529609797,7,172
1529609799,12,176
1529609800,15,314
1529609801,16,208
1529609802,7,200
1529609804,13,256
1529609805,13,274
1529609806,17,212
1529609807,12,326
1529609809,17,182
1529609810,16,154
1529609811,17,300
1529609812,14,189
1529609814,17,264
1529609815,15,175
1529609816,11,308
1529609817,11,169
1529609819,17,246
1529609820,17,270
1529609821,11,174
1529609822,11,207
1529609824,15,241
1529609825,12,214
1529609826,17,245
1529609827,11,283
1529609829,16,399
1529609830,17,271
1529609831,7,151
1529609832,11,117
1529609834,14,325
1529609835,16,195
1529609836,16,144
1529609837,15,249
1529609839,7,268
1529609840,12,229
1529609841,16,342
1529609842,12,187
1529609844,14,364
1529609845,11,221
1529609846,16,190
1529609848,12,304
1529609849,14,268
1529609850,17,267
1529609851,17,236
1529609853,11,215
1529609854,11,274
1529609855,7,130
1529609856,15,176
1529609857,16,240
1529609859,14,118
1529609860,13,214
1529609861,17,246
1529609862,16,216
1529609864,13,338
1529609865,12,267
1529609866,16,279
1529609868,13,326
1529609869,13,189
1529609870,12,292
1529609871,13,206
1529609873,7,184
1529609874,12,206
1529609875,7,138
1529609876,16,212
1529609877,16,278
1529609879,14,279
1529609880,14,279
1529609881,16,299
1529609883,17,163
1529609884,7,88
1529609885,17,240
1529609886,16,284
1529609887,7,218
1529609889,15,177
1529609890,11,233
1529609891,16,173
1529609892,11,298
1529609894,16,344
1529609895,12,139
1529609896,14,254
1529609897,16,258
1529609899,15,323
1529609900,13,79
1529609901,17,319
1529609903,16,372
1529609904,12,274
1529609905,13,312
1529609907,13,355
1529609908,7,189
1529609909,7,271
1529609910,15,171
1529609911,7,133
1529609913,13,165
1529609914,11,214
1529609915,13,257
1529609916,7,197
1529609918,13,270
1529609919,15,228
1529609920,13,162
