timestamp,kw_lengh,took_ms
1529765888,2,540
1529765890,1,356
1529765891,2,667
1529765893,3,955
1529765895,1,482
1529765896,1,288
1529765897,2,122
1529765899,2,464
1529765900,3,308
1529765902,2,405
1529765903,3,682
1529765905,2,281
1529765906,3,609
1529765907,2,63
1529765908,1,177
1529765910,1,260
1529765911,1,24
1529765912,2,646
1529765914,2,231
1529765915,3,373
1529765917,1,466
1529765918,1,415
1529765920,3,536
1529765921,3,572
1529765923,3,397
1529765925,2,806
1529765926,2,344
1529765928,1,608
1529765929,2,188
1529765930,2,664
1529765932,3,619
1529765934,3,580
1529765935,2,308
1529765936,1,351
1529765938,1,281
1529765939,1,33
1529765940,3,654
1529765942,2,474
1529765943,3,118
1529765945,4,808
1529765946,1,22
1529765947,1,78
1529765948,1,234
1529765950,1,346
1529765952,3,717
1529765953,2,232
1529765955,3,773
1529765956,1,662
1529765957,2,61
1529765959,1,612
1529765960,1,429
1529765962,2,473
1529765963,3,478
1529765965,1,362
1529765966,3,569
1529765968,1,154
1529765969,3,290
1529765970,2,406
1529765972,1,623
1529765973,1,433
1529765975,1,213
1529765976,2,195
1529765978,3,584
1529765979,1,201
1529765980,1,662
1529765982,2,371
1529765983,2,435
1529765985,2,397
1529765987,3,757
1529765988,1,621
1529765990,1,616
1529765991,2,105
1529765992,1,21
1529765994,2,760
1529765995,1,222
1529765996,2,185
1529765997,2,121
1529765999,3,132
1529766000,1,38
1529766001,3,694
1529766003,2,374
1529766004,3,637
1529766006,2,245
1529766007,3,248
1529766008,3,223
1529766009,2,244
1529766011,3,237
1529766012,3,583
1529766014,3,568
1529766015,1,124
1529766016,3,234
1529766018,3,642
1529766019,3,424
1529766021,4,699
1529766022,3,82
1529766024,1,424
1529766026,3,939
1529766027,2,481
1529766028,2,280
1529766030,2,507
1529766031,2,468
1529766033,1,33
1529766034,3,327
1529766035,2,181
1529766036,1,231
1529766038,2,504
1529766039,3,67
1529766040,1,184
1529766042,3,382
1529766043,2,214
1529766044,3,617
1529766046,1,224
1529766047,3,187
1529766048,4,322
1529766050,1,295
1529766051,1,236
1529766053,3,1089
1529766055,3,824
1529766057,2,857
1529766058,3,681
1529766060,3,566
1529766062,1,575
1529766063,3,541
1529766065,3,458
1529766066,3,393
1529766068,2,340
1529766069,1,32
1529766070,1,378
1529766072,2,738
1529766073,3,537
1529766074,1,35
1529766076,2,417
1529766077,2,395
1529766078,3,91
1529766080,2,157
1529766082,3,969
1529766083,2,45
1529766084,3,359
1529766086,3,880
1529766087,2,434
1529766089,4,337
1529766090,2,722
1529766092,2,532
1529766093,2,115
1529766094,1,131
1529766096,1,764
1529766098,2,467
1529766099,2,62
1529766100,2,122
1529766101,2,531
1529766103,2,222
1529766104,3,639
1529766105,2,144
1529766107,2,138
1529766108,1,243
1529766109,1,259
1529766110,2,265
1529766112,2,178
1529766113,1,607
1529766115,1,217
1529766116,2,203
1529766118,3,817
1529766120,2,1205
1529766121,1,277
1529766122,1,33
1529766123,4,160
1529766125,3,336
1529766126,2,483
1529766128,3,563
1529766129,1,155
1529766130,1,167
1529766132,2,456
1529766133,1,96
1529766134,1,354
1529766135,1,265
1529766137,3,759
1529766139,2,726
1529766140,2,44
1529766141,1,380
1529766143,2,301
1529766144,1,29
1529766146,1,606
1529766147,2,639
1529766148,1,253
1529766150,3,242
1529766151,2,72
1529766152,2,268
1529766153,2,157
1529766154,1,24
1529766156,1,246
1529766157,2,261
1529766158,1,33
1529766159,3,269
1529766161,1,486
1529766162,3,585
1529766164,1,525
1529766165,1,27
1529766167,3,705
1529766168,1,32
1529766170,2,1560
1529766172,2,553
1529766173,3,339
1529766175,2,598
1529766176,2,259
1529766178,2,301
1529766179,3,458
1529766181,3,689
1529766182,3,171
1529766183,1,340
1529766185,3,310
1529766186,2,319
1529766188,2,643
1529766189,3,524
1529766190,1,26
1529766192,3,390
1529766193,1,131
1529766194,1,28
1529766195,3,575
1529766197,2,687
1529766199,1,373
1529766200,1,577
1529766202,2,435
1529766203,3,624
1529766204,1,25
1529766206,1,185
1529766207,1,87
1529766208,2,109
1529766209,1,223
1529766211,3,859
1529766212,2,450
1529766214,1,255
1529766215,1,211
1529766216,3,383
1529766218,1,439
1529766219,2,409
1529766221,3,488
1529766222,2,493
1529766224,2,1002
1529766226,2,365
1529766227,2,65
1529766228,3,198
1529766229,2,267
1529766231,2,1060
1529766233,3,388
1529766235,2,883
1529766236,1,174
1529766237,2,522
1529766239,1,244
1529766240,3,688
1529766242,2,103
1529766243,3,211
1529766244,3,77
1529766245,2,113
1529766246,1,16
1529766248,3,402
1529766249,2,132
1529766250,1,217
1529766251,2,65
1529766252,1,395
1529766254,3,617
1529766255,2,101
1529766256,1,248
1529766258,1,525
1529766259,1,37
1529766260,3,295
1529766261,1,55
1529766263,2,505
1529766264,1,158
1529766265,1,66
1529766267,3,553
1529766268,1,280
1529766269,2,144
1529766271,1,200
1529766272,1,196
1529766273,3,133
1529766274,3,125
1529766275,2,190
1529766277,3,264
1529766278,2,492
1529766279,1,283
1529766281,1,278
1529766282,3,209
1529766283,2,73
1529766284,1,11
1529766285,3,146
1529766287,3,301
1529766288,3,653
1529766290,2,350
1529766291,2,326
1529766292,1,428
1529766294,2,162
1529766295,4,348
1529766296,1,296
1529766297,1,96
1529766299,2,180
1529766300,3,172
1529766302,2,801
1529766303,1,288
1529766304,1,246
1529766305,1,180
1529766307,1,42
1529766308,3,710
1529766310,3,916
1529766312,3,368
1529766313,1,513
1529766315,2,542
1529766316,1,260
1529766317,1,266
1529766319,3,583
1529766320,3,462
1529766322,2,594
1529766323,1,28
1529766325,1,595
1529766326,2,399
1529766327,1,152
1529766329,3,396
1529766330,1,443
1529766332,1,518
1529766333,1,125
1529766334,2,313
1529766336,3,312
1529766337,1,265
1529766338,1,28
1529766339,2,361
1529766340,1,96
1529766342,1,395
1529766343,1,220
1529766345,3,538
1529766346,2,409
1529766347,1,43
1529766348,1,206
1529766349,2,50
1529766351,1,302
1529766352,1,212
1529766353,1,36
1529766355,2,536
1529766356,3,61
1529766357,3,677
1529766359,2,701
1529766360,1,32
1529766362,3,482
1529766363,1,23
1529766364,3,118
1529766366,3,752
1529766368,3,969
1529766369,2,68
1529766370,3,282
1529766372,2,726
1529766373,1,577
1529766375,3,655
1529766377,2,761
1529766378,1,157
1529766379,3,374
1529766381,3,391
1529766382,1,120
1529766383,3,113
1529766384,1,192
1529766386,3,580
1529766387,1,153
1529766389,4,1008
1529766391,3,700
1529766392,3,311
1529766393,1,47
1529766395,2,669
1529766397,3,374
1529766398,3,79
1529766399,3,199
1529766400,2,89
1529766401,1,260
1529766402,2,149
1529766404,2,150
1529766406,3,1023
1529766407,1,33
1529766408,1,700
1529766410,3,296
1529766411,2,498
1529766413,1,321
1529766414,3,215
1529766415,2,109
1529766417,2,865
1529766418,3,378
1529766420,3,445
1529766421,1,506
1529766423,2,417
1529766424,2,480
1529766426,2,223
1529766427,1,275
1529766428,1,76
1529766429,3,353
1529766431,1,239
1529766432,2,429
1529766433,2,326
1529766435,3,428
1529766436,2,162
1529766437,1,241
1529766438,2,48
1529766439,1,20
1529766441,2,949
1529766443,2,40
1529766444,1,50
1529766445,3,506
1529766446,1,33
1529766447,3,156
1529766449,3,290
1529766450,2,332
1529766452,2,493
1529766454,3,1569
1529766455,1,147
1529766457,1,301
1529766458,3,652
1529766460,3,213
1529766461,2,385
1529766462,3,265
1529766464,2,589
1529766465,2,405
1529766467,2,216
1529766468,3,703
1529766470,3,441
1529766471,3,538
1529766472,1,153
1529766474,1,275
1529766475,1,80
1529766476,1,35
1529766478,2,832
1529766479,1,465
1529766481,2,601
1529766482,2,37
1529766483,1,33
1529766485,2,1161
1529766487,3,414
1529766488,2,619
1529766489,1,36
1529766491,3,558
1529766492,3,187
1529766493,1,205
1529766494,2,42
1529766496,2,332
1529766497,3,218
1529766498,3,397
1529766500,2,86
1529766501,2,412
1529766502,2,137
1529766504,3,409
1529766505,1,21
1529766506,1,35
1529766507,2,253
1529766509,1,386
1529766510,2,436
1529766511,2,240
1529766512,1,32
1529766514,2,792
1529766515,3,203
1529766517,1,255
1529766518,2,54
1529766519,1,512
1529766520,1,46
1529766522,2,511
1529766523,3,293
1529766524,1,87
1529766525,1,67
1529766527,3,286
1529766528,1,72
1529766529,2,445
1529766530,1,134
1529766532,3,1022
1529766534,1,26
1529766536,3,1070
1529766537,2,185
1529766538,1,417
1529766540,4,449
1529766541,3,50
1529766542,1,37
1529766543,1,34
1529766545,1,556
1529766546,3,444
1529766547,1,24
1529766548,1,22
1529766550,2,606
1529766551,1,165
1529766552,2,452
1529766554,2,143
1529766555,1,40
1529766556,1,378
1529766557,1,142
1529766558,1,30
1529766559,1,38
1529766561,2,424
1529766562,2,440
1529766563,1,224
1529766565,3,577
1529766566,2,344
1529766568,2,270
1529766569,1,175
1529766571,2,1086
1529766572,2,63
1529766573,1,11
1529766574,3,242
1529766576,3,486
1529766577,2,279
1529766579,1,602
1529766580,2,469
1529766582,2,165
1529766583,2,46
1529766584,1,256
1529766585,2,306
1529766587,3,617
1529766588,1,455
1529766589,1,105
1529766591,3,328
1529766592,1,244
1529766594,3,646
1529766595,1,206
1529766596,1,260
1529766597,1,36
1529766599,3,553
1529766600,3,165
1529766601,2,253
1529766603,3,646
1529766604,1,226
1529766605,2,50
1529766607,1,309
1529766608,1,386
1529766610,3,378
1529766611,1,285
1529766612,1,362
1529766614,2,258
1529766615,1,514
1529766617,3,660
1529766618,1,234
1529766619,3,347
1529766620,3,53
1529766622,2,61
1529766624,2,1014
1529766625,1,417
1529766626,2,113
1529766627,3,77
1529766629,3,359
1529766630,1,31
1529766631,2,445
1529766633,2,301
1529766634,3,568
1529766636,3,466
1529766637,1,247
1529766638,1,172
1529766640,2,472
1529766641,3,479
1529766642,3,231
1529766643,1,81
1529766645,2,697
1529766646,1,45
1529766648,1,284
1529766649,3,368
1529766650,3,236
1529766651,1,26
1529766652,3,79
1529766654,3,408
1529766655,2,142
1529766656,3,221
1529766658,2,487
1529766659,3,264
1529766661,3,891
1529766663,4,611
1529766664,3,538
1529766666,4,449
1529766667,3,94
1529766668,3,130
1529766669,2,50
1529766670,2,178
1529766672,1,359
1529766673,3,614
1529766675,3,443
1529766676,3,394
1529766678,3,511
1529766679,2,474
1529766680,1,85
1529766681,1,35
1529766683,3,256
1529766684,3,305
1529766686,3,571
1529766687,1,214
1529766688,3,365
1529766689,1,26
1529766690,1,36
1529766692,3,409
1529766693,1,132
1529766694,2,205
1529766695,1,20
1529766697,3,378
1529766698,4,282
1529766699,1,175
1529766700,1,90
1529766701,1,28
1529766702,3,63
1529766704,2,743
1529766706,3,282
1529766708,4,920
1529766709,2,565
1529766711,3,438
1529766712,3,341
1529766714,2,550
1529766715,3,279
1529766716,3,101
1529766717,3,354
1529766719,2,497
1529766720,3,398
1529766722,1,184
1529766723,2,288
1529766724,1,182
1529766725,1,115
1529766727,2,477
1529766728,3,546
1529766730,1,230
1529766731,2,269
1529766732,1,42
1529766733,1,152
1529766734,2,328
1529766736,1,311
1529766737,2,139
1529766738,3,438
1529766740,1,298
1529766741,1,89
1529766742,1,23
1529766744,2,683
1529766745,1,24
1529766746,2,679
1529766747,1,23
1529766749,2,723
1529766750,2,195
1529766751,2,66
1529766753,1,243
1529766754,1,428
1529766755,2,61
1529766757,3,318
1529766758,3,594
1529766759,1,28
1529766761,3,512
1529766762,2,224
1529766763,2,366
1529766765,3,201
1529766766,3,88
1529766767,1,536
1529766769,2,448
1529766770,1,39
1529766771,3,408
1529766772,1,47
1529766774,3,186
1529766775,3,720
1529766777,1,185
1529766778,2,325
1529766779,3,194
1529766780,2,49
1529766781,1,77
1529766782,1,66
1529766784,2,254
1529766785,1,117
1529766786,2,389
1529766788,2,571
1529766789,3,165
1529766790,2,49
1529766792,3,648
1529766793,1,27
1529766794,2,449
1529766796,1,253
1529766797,1,195
1529766798,2,258
1529766800,3,503
1529766801,3,137
1529766802,2,64
1529766803,1,199
1529766804,2,56
1529766805,1,265
1529766807,2,536
1529766808,2,113
1529766809,3,301
1529766811,1,113
1529766812,2,564
1529766813,1,43
1529766814,1,231
1529766816,1,91
1529766817,2,518
1529766818,1,188
1529766820,1,283
1529766821,3,132
1529766822,2,150
1529766823,3,416
1529766825,1,147
1529766826,3,118
1529766827,2,494
1529766828,2,42
1529766830,3,348
1529766831,1,31
1529766832,2,444
1529766833,1,183
1529766835,2,156
1529766836,2,292
1529766837,2,298
1529766838,1,244
1529766840,1,40
1529766841,3,283
1529766842,2,328
1529766843,1,201
1529766845,1,92
1529766846,2,210
1529766847,2,111
1529766848,2,277
1529766849,1,27
1529766850,2,57
1529766851,1,82
1529766853,1,462
1529766855,3,548
1529766856,1,166
1529766857,2,385
1529766858,1,185
1529766860,3,835
1529766861,2,58
1529766862,1,32
1529766863,3,62
1529766865,2,459
1529766866,2,252
1529766868,2,333
1529766869,1,70
1529766870,3,527
1529766873,3,1868
1529766874,3,258
1529766876,2,137
1529766877,1,447
1529766878,2,228
1529766880,1,302
1529766881,1,24
1529766882,1,166
1529766883,1,25
1529766884,2,189
1529766885,2,166
1529766887,2,176
1529766888,3,312
1529766889,3,518
1529766891,3,479
1529766892,1,42
1529766893,2,41
1529766894,1,213
1529766895,1,33
1529766897,3,188
1529766898,3,169
1529766899,2,310
1529766900,3,203
1529766901,1,26
1529766903,4,312
1529766904,1,24
1529766905,1,28
1529766906,1,405
1529766907,2,92
1529766909,2,253
1529766910,2,460
1529766911,1,35
1529766912,2,90
1529766913,1,35
1529766915,1,189
1529766916,1,533
1529766918,4,599
1529766919,3,80
1529766920,3,132
1529766921,1,39
1529766922,2,253
1529766924,2,118
1529766925,2,205
1529766926,1,21
1529766927,3,174
1529766928,2,197
1529766929,1,32
1529766931,2,826
1529766933,3,521
1529766934,2,223
1529766935,1,72
1529766936,1,25
1529766937,1,36
1529766938,3,73
1529766939,2,153
1529766941,2,138
1529766942,1,402
1529766943,2,264
1529766945,4,446
1529766946,2,283
1529766947,2,291
1529766949,1,187
1529766950,2,454
1529766951,1,95
1529766952,2,316
1529766954,3,172
1529766955,2,272
1529766956,1,28
1529766957,3,194
1529766959,3,348
1529766960,2,547
1529766962,3,480
1529766963,2,437
1529766964,1,25
1529766965,1,27
1529766966,1,38
1529766968,2,245
1529766969,3,248
1529766970,1,141
1529766971,3,231
1529766972,1,29
1529766974,3,387
1529766975,1,184
1529766976,1,415
1529766978,1,212
1529766979,1,211
1529766980,3,433
1529766982,2,172
1529766983,1,28
1529766984,1,277
1529766985,1,289
1529766987,1,219
1529766988,1,266
1529766990,3,683
1529766991,3,518
1529766992,3,279
1529766993,3,71
1529766995,3,197
1529766996,1,326
1529766997,1,153
1529766998,1,27
1529767000,2,205
1529767001,3,242
1529767002,2,150
1529767003,1,453
1529767005,1,563
1529767006,3,308
1529767007,1,27
1529767008,1,26
1529767010,1,134
1529767011,2,416
1529767012,3,194
1529767013,2,137
1529767015,2,176
1529767016,2,50
1529767017,2,633
1529767019,1,220
1529767020,2,299
1529767022,3,673
1529767023,3,375
1529767025,2,783
1529767026,1,242
1529767027,2,188
1529767029,2,207
1529767030,3,649
1529767031,1,95
1529767032,1,37
1529767033,1,24
1529767035,3,489
1529767036,2,108
1529767037,1,246
1529767039,2,570
1529767040,3,455
1529767041,1,35
1529767043,2,296
1529767044,1,30
1529767045,2,67
1529767046,3,164
1529767047,1,26
1529767049,2,481
1529767050,3,611
1529767052,3,490
1529767053,2,322
1529767054,1,30
1529767056,2,278
1529767057,1,224
1529767058,3,84
1529767059,1,224
1529767060,2,143
1529767062,2,528
1529767063,2,517
1529767065,1,279
1529767066,2,87
1529767067,2,259
1529767068,3,324
1529767070,1,46
1529767071,4,615
1529767073,3,440
1529767074,3,389
1529767075,1,282
1529767077,1,79
1529767078,3,622
1529767079,1,24
1529767080,2,200
1529767082,2,236
1529767083,1,31
1529767084,3,423
1529767086,3,353
1529767087,3,305
1529767088,2,118
1529767090,2,421
1529767091,3,452
1529767092,3,69
1529767093,1,30
1529767094,1,325
1529767096,2,231
1529767097,4,220
1529767098,2,151
1529767099,2,193
1529767101,3,254
1529767102,1,197
1529767103,2,112
1529767104,2,77
1529767106,2,477
1529767107,3,178
1529767108,1,141
1529767109,1,37
1529767111,2,467
1529767112,2,614
1529767114,1,349
1529767115,1,202
1529767116,3,310
1529767118,3,360
1529767119,1,304
1529767120,2,63
1529767122,2,731
1529767123,3,233
1529767124,1,303
1529767126,3,522
1529767127,3,585
1529767129,3,190
1529767130,3,475
1529767131,2,142
1529767132,3,153
1529767134,2,295
1529767135,3,233
1529767137,3,836
1529767138,1,43
1529767139,3,389
1529767141,2,163
1529767142,3,559
1529767143,1,214
1529767145,3,343
1529767146,2,164
1529767148,3,582
1529767149,3,181
1529767150,1,30
1529767151,1,29
1529767152,1,28
1529767154,1,446
1529767155,3,92
1529767156,2,224
1529767157,3,157
1529767158,1,266
1529767160,2,140
1529767161,1,29
1529767162,1,241
1529767163,3,274
1529767165,3,400
1529767166,2,57
1529767167,3,80
1529767168,3,73
1529767169,1,21
1529767170,1,500
1529767171,1,28
1529767173,1,147
1529767174,2,268
1529767175,3,57
1529767177,1,789
1529767178,3,541
1529767180,1,259
1529767181,3,159
1529767182,2,209
1529767183,1,39
1529767184,1,45
1529767185,3,171
1529767187,2,275
1529767188,2,51
1529767190,3,981
1529767191,1,357
1529767192,1,32
1529767194,2,347
1529767195,1,228
1529767196,1,96
1529767197,2,178
1529767198,1,72
1529767199,2,95
1529767201,2,545
1529767202,3,287
1529767204,3,554
1529767205,3,512
1529767206,1,30
1529767208,2,101
1529767209,2,157
1529767210,3,43
1529767211,1,425
1529767213,3,354
1529767214,3,203
1529767215,1,29
1529767216,3,201
1529767217,3,125
1529767219,1,363
1529767220,1,34
1529767221,1,35
1529767223,3,749
1529767224,2,105
1529767225,1,192
1529767226,2,117
1529767227,1,28
1529767228,2,49
1529767230,1,192
1529767231,1,239
1529767232,3,331
1529767233,1,30
1529767234,1,81
1529767236,3,595
1529767238,3,496
1529767239,2,466
1529767240,1,438
1529767242,2,56
1529767243,1,289
1529767244,3,365
1529767245,1,29
1529767247,2,309
1529767248,1,40
1529767249,3,410
1529767250,2,39
1529767252,1,268
1529767253,2,177
1529767254,1,258
1529767255,2,300
1529767257,2,271
1529767258,2,58
1529767259,3,335
1529767260,3,183
1529767261,1,128
1529767263,3,351
1529767264,1,650
1529767266,1,343
1529767267,3,287
1529767269,1,384
1529767270,2,104
1529767271,3,243
1529767272,2,191
1529767273,1,26
1529767274,1,30
1529767276,1,516
1529767277,3,313
1529767278,1,240
1529767280,2,58
1529767281,2,341
1529767283,3,703
1529767284,1,803
1529767286,3,170
1529767287,1,394
1529767288,1,31
1529767289,3,298
1529767291,3,219
1529767292,1,585
1529767293,3,88
1529767295,2,238
1529767296,2,54
1529767297,3,248
1529767298,3,100
1529767299,1,41
1529767301,1,160
1529767302,2,857
1529767305,3,1254
1529767306,2,116
1529767307,2,156
1529767309,3,477
1529767310,2,174
1529767311,2,71
1529767312,1,45
1529767313,1,25
1529767314,2,202
1529767316,2,630
1529767317,2,479
1529767319,2,362
1529767320,1,305
1529767321,3,186
1529767323,2,926
1529767325,3,494
1529767326,1,18
1529767327,1,283
1529767329,2,368
1529767330,2,178
1529767331,1,137
1529767332,2,65
1529767333,2,157
1529767335,4,582
1529767336,1,308
1529767337,2,159
1529767339,4,418
1529767340,1,21
1529767341,2,380
1529767343,2,456
1529767344,3,68
1529767345,2,156
1529767347,2,744
1529767348,3,453
1529767349,2,166
1529767351,2,64
1529767352,1,487
1529767353,2,337
1529767355,2,1004
1529767357,2,58
1529767358,2,661
1529767360,2,491
1529767361,1,27
1529767363,3,970
1529767364,1,60
1529767365,2,322
1529767367,2,322
1529767368,2,140
1529767369,2,265
1529767370,3,42
1529767371,1,38
1529767372,2,148
1529767374,2,578
1529767375,3,215
1529767376,3,195
1529767378,3,118
1529767379,2,264
1529767380,1,129
1529767381,4,235
1529767382,2,125
1529767383,2,76
1529767386,1,1053
1529767387,2,49
1529767388,1,31
1529767389,3,479
1529767390,3,62
1529767392,1,307
1529767393,2,96
1529767394,2,396
1529767396,1,568
1529767397,1,264
1529767398,2,406
1529767400,1,286
1529767401,1,267
1529767403,2,544
1529767404,3,422
1529767406,2,519
1529767407,3,327
1529767408,2,222
1529767410,2,477
1529767411,1,27
1529767413,3,1474
1529767415,3,427
1529767416,3,151
1529767417,3,273
1529767418,1,36
1529767420,1,276
1529767421,3,166
1529767422,4,72
1529767423,3,280
1529767424,3,255
1529767426,1,357
1529767427,3,200
1529767429,3,607
1529767430,3,285
1529767431,1,28
1529767432,1,124
1529767434,1,218
1529767435,3,165
1529767436,1,135
1529767437,1,138
1529767438,1,27
1529767439,1,14
1529767440,2,180
1529767442,3,422
1529767443,3,364
1529767444,1,29
1529767446,3,525
1529767447,3,301
1529767449,3,554
1529767450,3,192
1529767452,1,558
1529767453,1,573
1529767454,3,306
1529767456,3,387
1529767457,2,109
1529767458,3,158
1529767460,3,449
1529767461,3,225
1529767462,2,139
1529767463,3,310
1529767465,2,252
1529767466,2,696
1529767468,3,621
1529767469,2,249
1529767471,1,464
1529767472,1,165
1529767473,1,231
1529767475,2,362
1529767476,1,22
1529767477,3,445
1529767478,2,111
1529767480,1,251
1529767481,1,339
1529767482,1,27
1529767483,1,11
1529767485,3,407
1529767486,3,676
1529767488,3,382
1529767489,3,126
1529767490,1,25
1529767491,2,54
1529767492,2,45
1529767494,3,678
1529767495,4,362
1529767497,3,592
1529767498,2,62
1529767500,3,632
1529767501,3,514
1529767502,2,50
1529767503,3,74
1529767504,1,33
1529767505,3,138
1529767507,2,190
1529767508,2,40
1529767509,1,31
1529767510,3,461
1529767512,2,262
1529767513,1,209
1529767514,1,207
1529767516,2,510
1529767517,1,340
1529767518,3,384
1529767520,2,260
1529767521,3,254
1529767522,1,202
1529767524,2,303
1529767525,3,60
1529767526,2,235
1529767527,3,75
1529767528,1,331
1529767530,3,388
1529767531,1,434
1529767532,1,30
1529767533,2,54
1529767535,3,552
1529767536,1,28
1529767538,3,630
1529767539,2,62
1529767540,2,305
1529767543,3,1480
1529767544,3,61
1529767545,3,520
1529767547,3,587
1529767548,2,139
1529767549,3,437
1529767551,2,397
1529767552,3,182
1529767553,2,295
1529767555,2,390
1529767556,2,188
1529767557,2,364
1529767559,3,311
1529767560,2,189
1529767561,2,35
1529767562,1,344
1529767564,2,355
1529767565,2,558
1529767566,1,23
1529767568,1,239
1529767569,1,26
1529767570,1,90
1529767571,3,160
1529767572,1,27
1529767574,3,458
1529767575,1,32
1529767576,2,574
1529767578,2,419
1529767579,2,534
1529767580,3,199
1529767582,3,632
1529767583,3,312
1529767585,2,255
1529767586,1,28
1529767587,3,112
1529767588,2,304
1529767590,3,325
1529767591,3,393
1529767593,1,495
1529767594,1,33
1529767595,2,300
1529767596,3,309
1529767598,2,553
1529767599,2,30
1529767600,3,280
1529767602,3,296
1529767603,1,28
1529767604,1,291
1529767605,3,214
1529767606,2,173
1529767608,2,212
1529767609,1,273
1529767610,1,91
1529767611,4,71
1529767612,3,134
1529767614,2,850
1529767615,2,269
1529767617,2,234
1529767618,1,33
1529767619,1,149
1529767620,1,426
1529767621,2,45
1529767623,2,324
1529767624,1,213
1529767625,1,26
1529767626,1,48
1529767627,3,269
1529767629,3,151
1529767630,2,757
1529767632,3,538
1529767633,3,123
1529767635,3,564
1529767636,1,245
1529767638,2,546
1529767639,1,225
1529767640,1,309
1529767641,1,32
1529767643,3,617
1529767644,3,65
1529767645,2,171
1529767646,1,25
1529767648,3,355
1529767649,1,252
1529767651,3,245
1529767652,2,165
1529767653,1,212
1529767655,2,727
1529767656,3,231
1529767657,2,162
1529767659,4,361
1529767660,2,439
1529767661,3,224
1529767663,3,303
1529767664,3,377
1529767665,2,209
1529767667,3,354
1529767668,4,460
1529767670,3,440
1529767671,1,341
1529767672,1,51
1529767673,2,54
1529767674,2,57
1529767675,1,28
1529767677,3,350
1529767678,3,267
1529767679,1,33
1529767680,1,78
1529767681,1,28
1529767682,1,329
1529767684,3,447
1529767685,2,140
1529767687,3,430
1529767688,2,36
1529767689,3,441
1529767690,1,82
1529767692,2,353
1529767693,2,73
1529767694,2,660
1529767695,2,42
1529767697,1,31
1529767698,1,27
1529767699,1,193
1529767700,2,135
1529767701,2,278
1529767702,2,57
1529767704,3,503
1529767705,1,35
1529767706,1,48
1529767707,2,353
1529767709,1,158
1529767710,3,399
1529767711,1,34
1529767712,1,27
1529767713,2,105
1529767714,3,251
1529767716,2,38
1529767717,1,239
1529767718,3,67
1529767719,3,356
1529767721,3,556
1529767722,2,64
1529767723,2,173
1529767725,2,374
1529767726,4,616
1529767727,1,251
1529767729,1,228
1529767730,1,39
1529767731,2,48
1529767732,1,32
1529767733,3,270
1529767735,2,290
1529767736,3,265
1529767737,2,505
1529767738,2,39
1529767740,2,504
1529767741,3,89
1529767742,4,315
1529767744,1,37
1529767745,1,219
1529767746,2,312
1529767747,1,231
1529767748,1,32
1529767750,1,233
1529767751,2,223
1529767752,2,68
1529767753,1,21
1529767754,1,144
1529767756,2,538
1529767757,3,560
1529767759,3,76
1529767760,2,66
1529767761,1,35
1529767762,1,23
1529767763,1,21
1529767764,3,275
1529767765,3,129
1529767767,3,638
1529767768,2,66
1529767770,1,572
1529767771,2,465
1529767772,1,33
1529767773,3,267
1529767775,2,309
1529767776,1,33
1529767777,3,484
1529767778,3,88
1529767780,1,529
1529767781,1,27
1529767782,2,77
1529767784,3,324
1529767785,3,309
1529767786,2,188
1529767787,2,56
1529767789,3,655
1529767790,1,32
1529767791,2,486
1529767792,3,84
1529767794,3,59
1529767795,1,315
1529767796,3,184
1529767797,2,189
1529767799,2,323
1529767800,3,58
1529767801,3,406
1529767802,2,187
1529767804,3,179
1529767805,2,115
1529767806,1,462
1529767807,2,51
1529767809,2,322
1529767810,1,240
1529767811,1,120
1529767812,2,347
1529767813,2,59
1529767815,2,63
1529767816,2,273
1529767817,2,43
1529767818,2,491
1529767820,1,362
1529767821,2,54
1529767823,1,572
1529767824,2,165
1529767825,1,33
1529767826,1,38
1529767827,2,45
1529767828,1,25
1529767829,3,185
1529767830,3,339
1529767832,2,162
1529767833,1,435
1529767834,3,257
1529767836,2,123
1529767837,2,296
1529767838,1,34
1529767839,2,243
1529767840,2,120
1529767841,1,32
1529767843,2,216
1529767844,2,212
1529767845,2,259
1529767846,1,114
1529767848,3,436
1529767849,2,121
1529767850,3,408
1529767852,3,321
1529767853,2,246
1529767854,1,33
1529767855,3,144
1529767857,3,284
1529767858,1,315
1529767859,3,236
1529767860,3,55
1529767861,3,158
1529767863,2,235
1529767864,2,205
1529767865,3,54
1529767866,2,56
1529767867,1,82
1529767868,2,123
1529767870,2,365
1529767871,2,62
1529767872,2,73
1529767873,2,284
1529767875,3,427
1529767876,1,237
1529767877,1,223
1529767878,1,364
1529767880,2,306
1529767881,1,37
1529767882,1,29
1529767883,3,477
1529767885,1,309
1529767886,1,30
1529767887,2,58
1529767888,2,384
1529767890,3,365
1529767891,2,215
1529767892,1,50
1529767893,2,101
1529767894,1,227
1529767895,1,13
1529767897,1,269
1529767898,3,284
1529767900,2,424
1529767901,1,47
1529767902,3,218
1529767903,2,208
1529767905,2,559
1529767906,1,27
1529767907,2,256
1529767908,2,371
1529767909,1,26
1529767911,3,109
1529767912,1,77
1529767913,2,445
1529767914,1,241
1529767915,1,39
1529767916,1,31
1529767918,3,392
1529767919,1,29
1529767920,3,53
1529767921,1,29
1529767922,3,288
1529767923,2,75
1529767925,4,526
1529767926,3,232
1529767928,3,210
1529767929,4,86
1529767931,3,846
1529767932,2,214
1529767933,1,199
1529767935,2,558
1529767936,2,55
1529767937,2,525
1529767939,2,267
1529767940,2,169
1529767941,2,467
1529767942,3,198
1529767944,1,171
1529767945,1,398
1529767946,1,211
1529767947,1,32
1529767949,2,314
1529767950,3,282
1529767951,3,146
1529767953,1,455
1529767954,1,329
1529767955,1,29
1529767956,1,25
1529767957,1,273
1529767958,3,66
1529767960,2,512
1529767961,3,134
1529767963,1,304
1529767964,1,30
1529767965,3,376
1529767967,2,1111
1529767969,1,528
1529767970,3,147
1529767971,2,326
1529767972,3,60
1529767973,3,88
1529767975,2,659
1529767976,1,39
1529767977,2,55
1529767978,1,89
1529767980,2,414
1529767981,2,221
1529767982,2,78
1529767983,1,234
1529767984,2,45
1529767987,3,1275
1529767988,2,38
1529767989,2,63
1529767990,2,522
1529767992,2,503
1529767993,3,220
1529767995,1,866
1529767996,1,155
1529767998,3,456
1529767999,3,555
1529768000,1,37
1529768002,3,165
1529768003,2,48
1529768004,3,451
1529768005,1,32
1529768006,2,41
1529768008,3,241
1529768009,2,115
1529768010,3,317
1529768011,1,148
1529768012,3,236
1529768014,1,207
1529768015,1,313
1529768016,1,31
1529768017,3,288
1529768018,1,33
1529768020,2,586
1529768021,3,284
1529768022,1,26
1529768024,1,47
1529768025,2,56
1529768026,3,52
1529768027,2,58
1529768028,3,153
1529768029,1,229
1529768031,3,287
1529768032,3,184
1529768033,3,593
1529768034,2,98
1529768036,1,142
1529768037,1,378
1529768038,3,91
1529768040,1,528
1529768041,1,422
1529768042,2,225
1529768044,3,509
1529768045,1,103
1529768046,1,308
1529768048,3,224
1529768049,1,191
1529768050,1,265
1529768052,2,357
1529768053,1,451
1529768054,3,134
1529768055,2,132
1529768057,1,429
1529768058,2,61
1529768059,2,58
1529768060,1,93
1529768062,3,619
1529768063,2,338
1529768064,1,31
1529768066,2,505
1529768067,1,44
1529768068,3,522
1529768069,1,77
1529768071,3,115
1529768072,1,24
1529768073,3,466
1529768075,3,615
1529768076,2,137
1529768077,3,148
1529768078,2,184
1529768079,3,193
1529768081,3,54
1529768082,3,463
1529768084,2,627
1529768085,3,506
1529768087,3,277
1529768088,2,58
1529768089,1,128
1529768090,3,231
1529768092,2,604
1529768093,2,63
1529768094,2,350
1529768095,1,33
1529768097,3,325
1529768098,3,150
1529768099,1,444
1529768100,1,96
1529768101,1,31
1529768103,2,162
1529768104,2,62
1529768105,1,89
1529768106,1,32
1529768107,2,197
1529768109,3,357
1529768110,3,666
1529768111,1,36
1529768112,1,60
1529768114,1,166
1529768115,1,563
1529768117,1,359
1529768118,2,257
1529768119,1,27
1529768120,3,188
1529768121,1,27
1529768122,1,66
1529768123,1,25
1529768124,2,71
1529768126,1,253
1529768127,2,334
1529768128,1,31
1529768129,1,215
1529768131,2,249
1529768132,3,147
1529768134,2,693
1529768135,2,420
1529768136,2,64
1529768137,1,47
1529768138,1,146
1529768140,1,243
1529768141,2,183
1529768142,1,23
1529768143,3,66
1529768144,1,268
1529768146,2,410
1529768147,2,303
1529768148,3,371
1529768150,2,115
1529768151,3,247
1529768152,3,401
1529768154,3,309
1529768155,2,45
1529768156,1,21
1529768157,3,54
1529768158,2,552
1529768160,3,229
1529768161,3,259
1529768162,1,370
1529768163,1,11
1529768165,2,313
1529768166,2,49
1529768167,1,452
1529768168,1,26
1529768169,2,71
1529768170,1,30
1529768172,1,194
1529768173,2,107
1529768174,2,449
1529768176,2,396
1529768177,3,250
1529768179,1,540
1529768180,2,200
1529768182,2,808
1529768183,2,116
1529768184,2,139
1529768185,2,58
1529768187,3,810
1529768188,2,343
1529768189,3,158
1529768191,1,85
1529768192,2,98
1529768193,3,471
1529768194,3,155
1529768196,2,453
1529768197,2,99
1529768198,3,244
1529768199,1,73
1529768200,2,97
1529768202,3,195
1529768203,2,526
1529768204,1,30
1529768205,1,38
1529768207,3,231
1529768208,3,533
1529768210,1,558
1529768211,3,82
1529768212,1,31
1529768213,1,173
1529768214,2,249
1529768216,1,25
1529768217,2,215
1529768218,2,364
1529768220,3,350
1529768221,2,605
1529768222,1,42
1529768224,1,253
1529768225,1,32
1529768226,2,502
1529768227,3,342
1529768229,2,108
1529768230,3,646
1529768232,3,241
1529768233,2,41
1529768234,1,294
1529768235,1,43
1529768236,1,27
1529768237,1,215
1529768238,3,127
1529768240,2,255
1529768241,2,315
1529768242,1,198
1529768243,1,32
1529768245,3,343
1529768246,3,159
1529768248,3,712
1529768249,2,54
1529768250,1,257
1529768251,3,322
1529768252,2,84
1529768254,3,80
1529768255,4,158
1529768256,3,201
1529768257,1,271
1529768258,1,27
1529768260,3,473
1529768261,2,163
1529768262,1,39
1529768263,2,97
1529768264,1,26
1529768265,1,138
1529768267,2,66
1529768268,1,24
1529768269,3,455
1529768270,1,303
1529768272,3,488
1529768274,2,588
1529768275,1,517
1529768276,2,209
1529768278,2,326
1529768279,1,31
1529768280,3,259
1529768281,2,264
1529768283,2,256
1529768284,2,49
1529768285,2,68
1529768286,3,475
1529768287,3,190
1529768289,3,576
1529768290,2,241
1529768292,3,539
1529768293,1,36
1529768294,1,25
1529768296,2,460
1529768297,2,528
1529768298,3,67
1529768300,4,498
1529768301,3,266
1529768303,3,548
1529768304,1,25
1529768305,2,54
1529768306,3,564
1529768307,2,36
1529768309,3,152
1529768310,2,417
1529768312,3,557
1529768313,1,36
1529768314,3,758
1529768316,2,178
1529768317,2,150
1529768318,2,67
1529768319,2,339
1529768320,3,149
1529768321,1,28
1529768323,1,35
1529768324,2,300
1529768325,3,74
1529768326,2,491
1529768328,2,253
1529768329,1,36
1529768330,3,547
1529768332,2,204
1529768333,3,665
1529768334,1,65
1529768336,1,262
1529768337,2,145
1529768338,2,59
1529768339,2,67
1529768340,2,206
1529768342,2,305
1529768343,3,136
1529768344,3,225
1529768346,2,497
1529768347,3,542
1529768348,3,56
1529768349,1,26
1529768350,2,123
1529768353,2,1060
1529768354,3,272
1529768355,3,619
1529768357,3,421
1529768359,3,562
1529768360,2,102
1529768361,3,597
1529768362,1,27
1529768363,3,144
1529768365,2,345
1529768366,1,28
1529768367,1,229
1529768368,3,269
1529768370,2,488
1529768371,3,103
1529768372,2,108
1529768373,2,219
1529768375,1,311
1529768376,3,205
1529768377,3,324
1529768379,2,425
1529768380,2,98
1529768381,2,86
1529768382,1,26
1529768383,1,36
1529768384,1,206
1529768386,3,493
1529768387,2,61
1529768389,3,499
1529768390,3,187
1529768391,3,220
1529768392,2,63
1529768393,2,159
1529768395,3,476
1529768396,2,55
1529768397,2,148
1529768398,1,35
1529768399,2,236
1529768400,3,124
1529768402,1,246
1529768403,2,157
1529768404,3,73
1529768405,1,28
1529768406,1,33
1529768407,2,42
1529768408,1,220
1529768410,3,64
1529768411,1,191
1529768412,3,631
1529768414,2,74
1529768415,2,415
1529768416,2,234
1529768417,1,247
1529768419,3,446
1529768420,2,415
1529768422,1,282
1529768423,3,95
1529768424,1,27
1529768425,3,345
1529768427,3,642
1529768428,1,142
1529768429,3,72
1529768430,1,30
1529768431,1,38
1529768432,1,33
1529768433,2,46
1529768435,1,30
1529768436,2,497
1529768437,3,127
1529768439,3,524
1529768440,1,46
1529768441,1,149
1529768442,2,202
1529768443,2,69
1529768445,2,515
1529768447,2,619
1529768448,1,40
1529768449,3,603
1529768450,1,25
1529768451,2,38
1529768453,2,204
1529768454,1,295
1529768455,3,156
1529768456,3,351
1529768458,2,258
1529768459,2,52
1529768460,1,194
1529768461,3,397
1529768463,3,323
1529768464,3,606
1529768465,2,36
1529768467,2,46
1529768468,4,427
1529768469,3,233
1529768470,1,87
1529768471,1,88
1529768473,1,324
1529768474,2,144
1529768475,2,291
1529768477,3,214
1529768478,3,397
1529768479,3,445
1529768481,1,36
1529768482,3,577
1529768484,3,475
1529768485,2,223
1529768486,1,46
1529768487,1,33
1529768488,2,221
1529768489,1,15
1529768490,2,45
1529768492,2,48
1529768493,2,300
1529768494,3,495
1529768495,1,21
1529768497,3,94
1529768498,1,214
1529768499,2,51
1529768500,2,91
1529768501,1,30
1529768502,1,41
1529768503,2,93
1529768505,3,480
1529768507,3,737
1529768508,1,26
1529768509,3,84
1529768510,2,104
1529768511,1,28
1529768512,3,344
1529768513,1,116
1529768515,3,237
1529768516,1,108
1529768517,3,479
1529768519,1,224
1529768520,2,328
1529768521,1,36
1529768522,2,509
1529768524,3,202
1529768525,1,28
1529768526,2,265
1529768528,1,485
1529768529,1,434
1529768530,1,198
1529768531,3,69
1529768533,3,513
1529768534,1,106
1529768535,2,304
1529768537,1,243
1529768538,3,147
1529768539,3,187
1529768540,1,62
1529768541,2,121
1529768542,1,181
1529768544,1,29
1529768545,4,355
1529768546,1,250
1529768548,1,312
1529768549,2,161
1529768550,3,231
1529768551,1,284
1529768552,3,77
1529768553,1,32
1529768555,2,491
1529768557,3,762
1529768558,1,205
1529768559,2,54
1529768560,3,212
1529768562,3,540
1529768563,1,293
1529768564,1,26
1529768565,1,32
1529768566,1,132
1529768568,2,86
1529768569,2,44
1529768570,3,68
1529768571,3,194
1529768572,1,156
1529768573,1,23
1529768574,2,133
1529768575,1,34
1529768576,2,74
1529768578,1,174
1529768579,3,135
1529768580,1,242
1529768581,1,82
1529768582,2,187
1529768583,2,41
1529768585,2,261
1529768586,1,274
1529768587,2,266
1529768588,2,123
1529768590,2,52
1529768591,2,179
1529768592,1,38
1529768593,2,355
1529768594,1,204
1529768596,2,117
1529768597,2,53
1529768598,3,133
1529768599,2,39
1529768600,1,28
1529768601,2,464
1529768603,2,410
1529768604,2,60
1529768605,2,60
1529768606,3,81
1529768607,3,124
1529768608,2,44
1529768610,2,157
1529768611,3,74
1529768612,1,38
1529768613,1,191
1529768614,1,125
1529768615,2,49
1529768617,3,361
1529768618,1,29
1529768619,1,273
1529768620,2,353
1529768621,2,110
1529768623,2,85
1529768624,1,25
1529768625,3,497
1529768626,1,253
1529768627,1,84
1529768629,1,26
1529768630,3,476
1529768632,3,699
1529768633,1,46
1529768634,1,30
1529768635,2,48
1529768636,2,235
1529768637,2,231
1529768639,3,489
1529768640,3,83
1529768642,2,520
1529768643,1,34
1529768644,1,254
1529768645,2,78
1529768646,2,64
1529768647,3,210
1529768649,3,374
1529768650,2,125
1529768651,1,40
1529768652,1,31
1529768653,3,60
1529768654,3,131
1529768656,2,140
1529768657,2,316
1529768658,3,146
1529768659,1,38
1529768661,3,409
1529768662,1,302
1529768663,3,79
1529768664,2,514
1529768666,3,319
1529768667,1,33
1529768668,1,222
1529768669,2,72
1529768671,3,607
1529768672,1,27
1529768673,3,260
1529768674,2,57
1529768676,1,247
1529768677,1,231
1529768678,3,245
1529768680,2,476
1529768681,1,256
1529768683,3,492
1529768684,2,69
1529768685,4,206
1529768686,1,28
1529768687,2,63
1529768688,3,245
1529768690,3,260
1529768691,2,661
1529768692,1,27
1529768693,3,118
1529768695,3,134
1529768696,3,282
1529768697,3,410
1529768699,3,607
1529768700,3,427
1529768702,1,30
1529768703,3,520
1529768704,1,38
1529768705,1,176
1529768707,2,372
1529768708,1,298
1529768709,2,102
1529768710,2,242
1529768712,2,89
1529768713,3,512
1529768714,1,230
1529768715,1,30
1529768717,3,264
1529768718,2,458
1529768720,3,328
1529768721,2,40
1529768722,1,47
1529768723,2,99
1529768724,3,488
1529768725,1,26
1529768727,2,195
1529768728,3,58
1529768729,3,560
1529768731,2,528
1529768732,3,120
1529768733,1,35
1529768734,2,204
1529768735,1,215
1529768737,3,392
1529768739,3,581
1529768740,1,140
1529768741,3,392
1529768743,3,551
1529768744,2,23
1529768745,3,479
1529768747,3,303
1529768748,3,73
1529768749,3,67
1529768750,3,449
1529768751,3,60
1529768753,3,127
1529768754,2,331
1529768755,3,456
1529768756,1,22
1529768758,1,28
1529768759,3,119
1529768760,2,168
1529768762,3,705
1529768763,1,111
1529768764,1,26
1529768765,2,296
1529768766,3,96
1529768768,2,383
1529768769,3,153
1529768770,1,484
1529768771,1,28
1529768773,2,328
1529768774,1,117
1529768775,1,208
1529768776,2,209
1529768778,1,287
1529768779,3,279
1529768780,3,93
1529768781,2,265
1529768783,2,108
1529768784,2,372
1529768785,1,243
1529768787,3,487
1529768788,2,162
1529768789,1,39
1529768790,3,53
1529768791,1,38
1529768792,2,39
1529768793,3,101
1529768795,2,391
1529768796,1,50
1529768797,2,118
1529768798,1,13
1529768799,1,39
1529768800,1,27
1529768801,2,34
1529768803,2,350
1529768804,2,134
1529768805,3,505
1529768807,2,496
1529768808,3,173
1529768809,3,101
1529768810,2,115
1529768812,1,256
1529768813,3,701
1529768815,2,240
1529768816,2,73
1529768817,1,133
1529768818,2,313
1529768819,2,96
1529768820,1,25
1529768821,3,75
1529768822,1,28
1529768824,2,60
1529768825,1,299
1529768826,2,247
1529768827,3,380
1529768829,3,493
1529768830,2,437
1529768832,1,54
1529768833,2,70
1529768834,3,359
1529768836,3,517
1529768837,1,201
1529768838,2,625
1529768840,1,223
1529768841,2,56
1529768842,3,48
1529768843,2,65
1529768844,3,98
1529768846,3,412
1529768847,3,300
1529768849,1,647
1529768850,2,52
1529768851,2,612
1529768852,2,129
1529768853,2,59
1529768855,2,334
1529768856,2,465
1529768857,1,28
1529768858,1,49
1529768860,3,116
1529768861,3,388
1529768863,3,588
1529768864,3,372
1529768866,3,387
1529768867,4,473
1529768868,1,40
1529768869,1,305
1529768871,2,138
1529768872,1,497
1529768874,3,446
1529768875,3,586
1529768876,1,30
1529768877,1,77
1529768878,1,88
1529768880,1,213
1529768881,2,49
1529768882,2,110
1529768883,1,22
1529768884,3,152
1529768886,3,392
1529768887,2,507
1529768888,1,30
1529768889,3,115
1529768891,3,245
1529768892,2,154
1529768893,3,219
1529768894,1,271
1529768896,3,544
1529768897,1,36
1529768898,3,58
1529768899,1,147
1529768901,1,308
1529768902,1,36
1529768903,4,135
1529768904,1,590
1529768905,2,57
1529768907,2,82
1529768908,3,266
1529768909,1,139
1529768910,3,87
1529768911,2,120
1529768912,2,39
1529768914,1,171
1529768915,1,84
1529768916,1,211
1529768917,1,33
1529768918,3,462
1529768920,2,50
1529768921,2,161
1529768922,2,58
1529768923,3,92
1529768924,3,227
1529768925,2,58
1529768927,2,243
1529768928,3,449
1529768929,2,91
1529768930,2,73
1529768931,2,214
1529768933,3,118
1529768934,1,23
1529768935,2,466
1529768936,1,30
1529768937,1,27
1529768939,1,234
1529768940,2,48
1529768941,1,122
1529768942,2,162
1529768943,1,121
1529768944,1,26
1529768945,1,292
1529768947,1,31
1529768948,1,94
1529768949,2,195
1529768950,3,133
1529768951,3,119
1529768953,3,367
1529768954,3,168
1529768955,3,72
1529768956,1,427
1529768957,1,29
1529768958,1,33
1529768960,2,460
1529768961,2,495
1529768963,3,597
1529768964,1,31
1529768965,3,155
1529768966,1,27
1529768968,3,199
1529768969,2,193
1529768970,2,80
1529768971,2,289
1529768972,1,235
1529768974,3,232
1529768975,1,27
1529768976,1,21
1529768977,2,392
1529768978,1,25
1529768979,2,45
1529768981,1,197
1529768982,2,102
1529768983,2,44
1529768984,2,69
1529768985,3,569
1529768987,3,109
1529768988,2,303
1529768990,2,543
1529768991,1,26
1529768992,2,464
1529768993,1,44
1529768994,3,66
1529768995,2,95
1529768997,3,137
1529768998,1,28
1529768999,1,228
1529769000,2,197
1529769001,2,255
1529769003,3,376
1529769004,2,337
1529769005,2,329
1529769006,1,26
1529769008,1,32
1529769009,2,199
1529769010,1,24
1529769011,1,206
1529769012,3,62
1529769013,3,319
1529769015,1,33
1529769016,1,221
1529769017,3,370
1529769018,1,108
1529769019,1,21
1529769020,2,51
1529769022,3,438
1529769023,2,294
1529769025,1,279
1529769026,3,416
1529769027,2,161
1529769028,2,59
1529769030,3,514
1529769031,1,32
1529769032,1,209
1529769033,1,30
1529769034,2,83
1529769035,3,88
1529769037,3,428
1529769038,2,39
1529769039,2,166
1529769041,2,547
1529769042,1,20
1529769043,2,304
1529769044,3,346
1529769045,1,28
1529769047,4,131
1529769048,1,186
1529769049,3,187
1529769051,2,525
1529769052,3,207
1529769053,1,23
1529769054,1,22
1529769055,2,47
1529769056,1,34
1529769057,3,408
1529769059,1,142
1529769060,1,33
1529769061,1,203
1529769062,1,37
1529769063,1,278
1529769065,2,488
1529769066,2,48
1529769067,1,461
1529769069,3,542
1529769070,1,119
1529769071,2,81
1529769073,3,351
1529769074,1,161
1529769075,2,470
1529769077,3,645
1529769078,1,83
1529769079,1,164
1529769081,2,332
1529769082,1,70
1529769083,3,524
1529769085,3,557
1529769086,2,310
1529769087,2,151
1529769088,1,37
1529769089,2,56
1529769091,2,423
1529769092,1,36
1529769093,1,27
1529769094,3,172
1529769095,1,31
1529769096,2,57
1529769098,2,171
1529769099,2,143
1529769100,2,60
1529769101,1,23
1529769102,3,503
1529769104,3,515
1529769105,1,21
1529769106,1,47
1529769107,3,198
1529769108,1,32
1529769110,3,337
1529769111,1,347
1529769112,3,201
1529769114,3,384
1529769115,2,103
1529769116,1,36
1529769117,1,40
1529769119,4,505
1529769120,2,470
1529769121,3,465
1529769123,2,332
1529769124,2,43
1529769125,3,429
1529769126,2,84
1529769128,1,39
1529769129,3,506
1529769130,3,157
1529769132,3,624
1529769133,3,367
1529769134,3,73
1529769136,3,56
1529769137,3,536
1529769139,3,744
1529769140,2,47
1529769141,3,322
1529769143,2,211
1529769144,2,192
1529769145,2,385
1529769146,2,179
1529769148,2,143
1529769149,3,476
1529769151,3,535
1529769152,2,312
1529769153,2,389
1529769154,2,112
1529769156,1,25
1529769157,3,360
1529769158,2,420
1529769159,1,33
1529769161,2,109
1529769162,2,345
1529769163,3,295
1529769164,1,142
1529769166,1,182
1529769167,1,133
1529769168,2,454
1529769169,1,145
1529769171,3,116
1529769172,2,691
1529769174,2,199
1529769175,1,52
1529769176,4,261
1529769177,3,181
1529769178,2,97
1529769180,3,324
1529769181,2,118
1529769182,3,186
1529769183,2,151
1529769184,3,236
1529769186,2,297
1529769187,2,221
1529769188,2,43
1529769189,3,61
1529769191,3,426
1529769192,3,73
1529769193,3,63
1529769194,1,31
1529769195,3,143
1529769196,3,398
1529769198,2,156
1529769199,2,50
1529769200,2,403
1529769201,1,33
1529769203,2,289
1529769204,1,243
1529769205,1,25
1529769206,2,141
1529769207,1,82
1529769208,2,139
1529769209,3,73
1529769211,3,857
1529769212,1,75
1529769214,3,143
1529769215,1,34
1529769216,2,52
1529769217,1,30
1529769218,2,300
1529769220,2,463
1529769221,2,54
1529769222,2,466
1529769223,2,106
1529769224,2,52
1529769225,1,69
1529769226,1,30
1529769228,3,417
1529769229,4,114
1529769230,2,96
1529769231,2,79
1529769233,2,285
1529769234,3,573
1529769235,2,41
1529769236,3,155
1529769237,1,29
1529769239,2,190
1529769240,2,325
1529769241,2,36
1529769242,1,260
1529769244,3,213
1529769245,3,706
1529769247,2,162
1529769248,1,25
1529769249,3,118
1529769250,2,151
1529769251,1,28
1529769252,1,23
1529769253,3,83
1529769254,3,130
1529769256,2,268
1529769257,2,100
1529769258,2,153
1529769259,1,304
1529769261,3,299
1529769262,2,52
1529769263,3,226
1529769264,3,487
1529769266,2,269
1529769267,2,141
1529769268,2,276
1529769270,3,364
1529769271,1,274
1529769272,1,120
1529769273,1,33
1529769275,3,464
1529769276,2,131
1529769277,1,455
1529769279,2,394
1529769280,3,95
1529769281,2,406
1529769282,2,133
1529769284,1,702
1529769285,2,139
1529769286,1,311
1529769288,4,476
1529769289,2,136
1529769290,3,80
1529769292,3,761
1529769293,1,39
1529769294,3,100
1529769295,1,81
1529769296,2,86
1529769298,3,95
1529769299,3,355
1529769300,2,245
1529769301,3,63
1529769302,1,36
1529769304,2,379
1529769305,2,299
1529769306,2,44
1529769307,3,192
1529769309,2,420
1529769310,1,28
1529769311,3,184
1529769312,3,45
1529769313,2,53
1529769314,4,172
1529769316,3,307
1529769317,1,23
1529769318,2,105
1529769319,1,39
1529769320,2,307
1529769321,2,55
1529769323,3,317
1529769324,2,311
1529769325,2,214
1529769327,3,209
1529769328,2,323
1529769329,2,273
1529769330,1,27
1529769332,2,187
1529769333,3,520
1529769334,1,11
1529769335,1,204
1529769337,2,673
1529769338,1,10
1529769339,3,129
1529769341,2,265
1529769342,2,44
1529769343,2,424
1529769345,3,617
1529769346,1,167
1529769347,1,96
1529769348,3,49
1529769349,2,214
1529769351,4,152
1529769352,1,97
1529769353,3,321
1529769354,3,142
1529769355,1,27
1529769356,3,171
1529769358,2,262
1529769359,2,129
1529769360,1,230
1529769361,1,260
1529769363,1,82
1529769364,2,162
1529769365,1,45
1529769366,4,188
1529769367,2,53
1529769369,2,426
1529769370,2,154
1529769371,3,207
1529769372,3,402
1529769374,2,401
1529769375,1,41
1529769376,1,115
1529769377,3,268
1529769378,3,77
1529769380,3,454
1529769381,2,41
1529769382,3,171
1529769383,2,43
1529769384,1,172
1529769386,2,210
1529769387,1,23
1529769388,1,29
1529769389,1,47
1529769390,2,127
1529769391,2,314
1529769393,2,549
1529769394,3,281
1529769395,3,172
1529769397,2,331
1529769398,3,52
1529769399,2,622
1529769401,3,113
1529769402,3,130
1529769403,2,344
1529769404,4,112
1529769405,2,96
1529769407,2,313
1529769408,1,466
1529769409,1,29
1529769411,1,285
1529769412,2,192
1529769413,3,475
1529769414,3,140
1529769416,2,392
1529769417,2,122
1529769419,3,446
1529769420,2,124
1529769421,2,201
1529769422,1,32
1529769424,3,464
1529769425,1,27
1529769426,3,180
1529769427,1,432
1529769428,1,32
1529769430,1,216
1529769431,2,161
1529769432,1,22
1529769434,3,664
1529769435,2,39
1529769436,3,558
1529769437,1,163
1529769439,2,52
1529769440,3,150
1529769441,2,50
1529769442,2,304
1529769443,2,294
1529769445,1,241
1529769446,3,35
1529769447,3,271
1529769448,1,25
1529769449,2,124
1529769450,1,38
1529769452,2,130
1529769453,1,105
1529769454,3,153
1529769455,2,61
1529769456,2,144
1529769457,2,212
1529769459,3,514
1529769460,3,165
1529769461,1,154
1529769463,2,428
1529769464,2,131
1529769465,3,67
1529769466,1,11
1529769467,2,490
1529769469,1,53
1529769470,3,416
1529769471,4,65
1529769472,1,269
1529769474,2,302
1529769475,3,437
1529769476,2,104
1529769478,2,383
1529769479,2,219
1529769480,3,87
1529769481,1,206
1529769482,3,143
1529769484,3,121
1529769485,1,34
1529769486,2,53
1529769487,1,30
1529769488,3,118
1529769489,1,64
1529769490,1,40
1529769491,2,156
1529769492,2,110
1529769493,2,78
1529769495,2,229
1529769496,2,383
1529769497,2,289
1529769499,3,101
1529769500,3,417
1529769501,1,24
1529769502,3,336
1529769504,3,310
1529769505,2,155
1529769506,2,43
1529769507,1,31
1529769508,1,234
1529769510,3,99
1529769511,3,410
1529769512,3,262
1529769514,3,784
1529769515,2,156
1529769516,3,64
1529769517,3,81
1529769519,3,237
1529769520,2,67
1529769521,3,92
1529769522,3,494
1529769524,2,302
1529769525,1,35
1529769526,3,196
1529769527,1,53
1529769528,3,55
1529769529,3,202
1529769531,2,336
1529769532,3,550
1529769534,3,322
1529769535,3,393
1529769536,1,26
1529769537,2,37
1529769538,3,183
1529769540,1,31
1529769541,1,25
1529769542,1,150
1529769543,3,84
1529769544,2,279
1529769546,3,365
1529769547,1,27
1529769548,2,134
1529769549,3,401
1529769551,3,331
1529769552,2,53
1529769553,1,26
1529769554,2,497
1529769555,1,28
1529769556,1,24
1529769558,1,273
1529769559,1,35
1529769560,2,624
1529769562,2,329
1529769563,3,235
1529769564,3,51
1529769565,2,70
1529769566,2,267
1529769568,3,160
1529769569,3,136
1529769570,1,206
1529769571,4,414
1529769573,3,455
1529769574,1,319
1529769575,3,55
1529769576,3,132
1529769578,3,311
1529769579,3,238
1529769580,3,144
1529769582,1,452
1529769583,2,32
1529769584,2,243
1529769585,1,329
1529769587,3,184
1529769588,2,371
1529769589,3,130
1529769590,1,30
1529769592,2,431
1529769593,3,89
1529769594,3,470
1529769596,3,228
1529769597,3,335
1529769598,3,357
1529769599,1,36
1529769601,3,841
1529769602,2,282
1529769604,2,44
1529769605,1,245
1529769606,2,50
1529769607,1,304
1529769608,2,63
1529769610,1,288
1529769611,1,30
1529769612,3,319
1529769613,1,37
1529769614,1,248
1529769615,1,41
1529769617,2,85
1529769618,3,227
1529769619,1,55
1529769620,2,54
1529769621,3,496
1529769623,1,531
1529769624,1,40
1529769625,2,257
1529769627,1,243
1529769628,3,408
1529769629,2,301
1529769630,1,54
1529769632,2,102
1529769633,3,188
1529769634,2,482
1529769636,1,225
1529769637,3,89
1529769638,1,41
1529769639,3,111
1529769640,1,26
1529769641,2,37
1529769642,2,54
1529769643,3,73
1529769645,1,330
1529769646,2,612
1529769647,3,64
1529769649,3,269
1529769650,2,295
1529769651,3,77
1529769652,2,42
1529769653,1,269
1529769655,3,185
1529769656,2,75
1529769657,3,48
1529769658,1,35
1529769659,2,114
1529769660,1,28
1529769661,3,99
1529769663,2,446
1529769664,2,105
1529769665,1,22
1529769666,1,30
1529769667,1,28
1529769668,3,427
1529769669,1,35
1529769671,1,251
1529769672,2,110
1529769673,2,120
1529769675,3,585
1529769676,3,337
1529769677,3,107
1529769678,1,210
1529769680,3,335
1529769681,1,51
1529769682,2,469
1529769684,3,254
1529769685,2,290
1529769686,1,26
1529769687,3,483
1529769689,3,315
1529769690,2,290
1529769692,2,415
1529769693,3,512
1529769694,2,359
1529769696,3,426
1529769697,3,528
1529769699,1,32
1529769700,1,28
1529769701,2,42
1529769702,3,739
1529769703,2,35
1529769705,1,27
1529769706,3,191
1529769707,3,465
1529769709,1,286
1529769710,2,54
1529769711,2,526
1529769712,1,33
1529769713,1,37
1529769715,2,345
1529769716,2,462
1529769717,2,130
1529769719,3,264
1529769720,2,358
1529769721,3,54
1529769722,3,68
1529769723,3,226
1529769725,2,53
1529769726,3,79
1529769727,1,446
1529769728,1,29
1529769730,2,485
1529769731,2,117
1529769732,2,170
1529769733,3,94
1529769734,2,147
1529769736,3,633
1529769737,3,398
1529769739,3,465
1529769740,3,167
1529769742,2,164
1529769743,3,714
1529769744,1,20
1529769746,1,122
1529769747,3,185
1529769748,1,39
1529769749,2,27
1529769750,2,118
1529769751,2,30
1529769753,3,416
1529769754,2,159
1529769755,1,172
1529769756,2,417
1529769758,1,421
1529769759,1,39
1529769760,3,60
1529769761,2,131
1529769762,3,219
1529769763,1,31
1529769765,3,419
1529769766,3,279
1529769767,1,173
1529769768,1,37
1529769770,1,255
1529769771,3,275
1529769772,1,27
1529769774,2,482
1529769775,1,38
1529769776,2,378
1529769777,2,39
1529769778,2,140
1529769779,3,118
1529769781,2,46
1529769782,3,492
1529769783,2,274
1529769785,3,245
1529769786,1,50
1529769787,3,514
1529769788,1,31
1529769789,3,166
1529769791,3,61
1529769792,2,39
1529769793,1,242
1529769794,3,412
1529769795,3,71
1529769796,1,21
1529769798,2,284
1529769799,3,392
1529769800,2,120
1529769801,2,112
1529769803,1,25
1529769804,2,413
1529769805,1,21
1529769806,2,26
1529769807,3,302
1529769808,1,33
1529769810,1,32
1529769811,3,139
1529769812,2,73
1529769813,1,237
1529769815,3,408
1529769816,2,77
1529769817,3,140
1529769818,1,249
1529769819,1,61
1529769820,3,280
1529769822,2,152
1529769823,1,188
1529769824,2,76
1529769825,2,163
1529769827,3,518
1529769828,2,85
1529769829,2,136
1529769830,3,282
1529769832,4,447
1529769833,3,538
1529769835,3,298
1529769836,2,307
1529769837,3,200
1529769838,1,31
1529769840,2,288
1529769841,1,219
1529769842,2,441
1529769844,4,385
1529769845,1,41
1529769846,3,55
1529769847,2,440
1529769849,3,410
1529769850,3,367
1529769852,3,696
1529769853,4,460
1529769855,1,93
1529769856,1,215
1529769857,2,137
1529769859,4,599
1529769860,2,63
1529769861,3,474
1529769863,1,235
1529769864,2,56
1529769865,2,193
1529769866,1,26
1529769867,1,146
1529769869,2,552
1529769870,1,34
1529769871,1,75
1529769872,1,31
1529769873,1,129
1529769874,2,154
1529769875,1,22
1529769876,2,65
1529769878,3,350
1529769879,2,54
1529769880,3,115
1529769881,3,62
1529769882,2,128
1529769883,1,68
1529769885,2,334
1529769886,3,339
1529769887,2,30
1529769889,2,288
1529769890,3,196
1529769891,1,24
1529769892,2,54
1529769893,3,295
1529769895,2,494
1529769896,3,274
1529769897,1,79
1529769898,1,40
1529769899,2,76
1529769901,1,760
1529769902,3,177
1529769903,1,163
1529769905,3,169
1529769906,1,264
1529769907,2,42
1529769908,3,154
1529769909,3,56
1529769910,1,30
1529769911,1,113
1529769913,2,56
1529769914,2,237
1529769915,2,38
1529769916,2,53
1529769917,2,56
1529769918,1,24
1529769920,1,410
1529769921,2,58
1529769922,1,11
1529769923,3,428
1529769924,1,66
1529769925,1,202
1529769927,3,354
1529769928,1,203
1529769929,2,214
1529769931,2,369
1529769932,2,450
1529769933,3,147
1529769934,1,42
1529769935,1,38
1529769937,1,195
1529769938,1,368
1529769939,3,181
1529769940,1,29
1529769942,1,355
1529769943,1,254
1529769944,2,173
1529769945,2,203
1529769946,2,55
1529769948,3,114
1529769949,2,101
1529769950,1,242
1529769951,3,69
1529769952,1,206
1529769954,2,415
1529769955,2,137
1529769956,2,38
1529769957,1,24
1529769958,1,218
1529769959,1,40
1529769960,1,35
1529769962,3,225
1529769963,2,430
1529769964,2,202
1529769966,1,327
1529769967,2,297
1529769968,1,29
1529769969,2,72
1529769971,3,440
1529769972,3,66
1529769973,2,54
1529769974,1,35
1529769975,3,70
1529769976,3,419
1529769978,4,204
1529769979,2,100
1529769980,2,106
1529769981,3,66
1529769982,3,258
1529769983,1,204
1529769985,2,32
1529769986,2,53
1529769987,1,415
1529769988,2,118
1529769989,1,184
1529769991,3,163
1529769992,1,383
1529769993,2,67
1529769994,1,172
1529769995,1,131
1529769997,2,161
1529769998,3,786
1529770000,1,148
1529770001,1,31
1529770002,3,422
1529770003,2,31
1529770005,3,321
1529770006,1,225
1529770007,1,284
1529770009,3,425
1529770010,3,477
1529770011,3,413
1529770013,1,25
1529770014,2,376
1529770015,2,369
1529770017,1,249
1529770018,1,130
1529770019,1,49
1529770020,3,136
1529770021,1,37
1529770022,4,444
1529770024,3,253
1529770025,2,162
1529770026,2,122
1529770028,2,357
1529770029,2,427
1529770030,3,72
1529770031,3,89
1529770032,1,35
1529770033,3,128
1529770035,2,250
1529770036,3,455
1529770038,3,542
1529770039,1,31
1529770040,3,385
1529770042,3,381
1529770043,1,182
1529770044,2,159
1529770045,1,207
1529770047,2,227
1529770048,3,148
1529770049,1,238
1529770050,2,116
1529770051,3,117
1529770052,1,30
1529770053,2,188
1529770055,1,28
1529770056,3,247
1529770057,3,232
1529770058,1,384
1529770060,1,92
1529770061,1,252
1529770062,1,226
1529770063,1,25
1529770064,2,161
1529770066,2,436
1529770067,3,416
1529770068,1,27
1529770069,2,80
1529770071,2,435
1529770072,3,84
1529770073,2,201
1529770074,3,67
1529770075,2,135
1529770077,1,28
1529770078,1,243
1529770079,3,223
1529770080,2,48
1529770081,1,35
1529770082,3,143
1529770083,1,77
1529770084,2,50
1529770086,3,314
1529770087,3,52
1529770088,3,334
1529770090,2,355
1529770091,1,258
1529770092,3,393
1529770093,1,42
1529770095,2,379
1529770096,2,342
1529770097,3,168
1529770099,1,263
1529770100,3,389
1529770101,1,32
1529770102,1,24
1529770103,3,73
1529770105,3,232
1529770106,3,215
1529770107,2,206
1529770108,1,38
1529770109,3,87
1529770110,1,22
1529770111,3,71
1529770112,2,34
1529770114,1,278
1529770115,4,590
1529770116,1,41
1529770118,3,623
1529770120,3,440
1529770121,2,122
1529770122,1,138
1529770123,2,70
1529770124,1,52
1529770126,3,597
1529770127,3,474
1529770129,1,322
1529770130,3,532
1529770131,2,125
1529770132,1,31
1529770134,1,245
1529770135,2,616
1529770136,1,255
1529770138,3,524
1529770139,1,29
1529770140,2,100
1529770141,1,33
1529770142,2,57
1529770144,3,521
1529770145,2,437
1529770147,2,122
1529770148,2,101
1529770149,2,103
1529770150,1,31
1529770151,2,102
1529770153,2,515
1529770154,2,141
1529770155,3,295
1529770156,3,67
1529770157,1,140
1529770158,2,62
1529770160,4,330
1529770161,2,645
1529770162,1,27
1529770164,3,44
1529770165,2,41
1529770166,3,59
1529770167,2,161
1529770168,1,29
1529770169,2,247
1529770170,2,67
1529770171,2,126
1529770172,1,31
1529770174,3,313
1529770175,1,27
1529770176,2,63
1529770177,2,164
1529770179,2,387
1529770180,3,215
1529770181,3,500
1529770183,3,282
1529770184,2,378
1529770185,1,75
1529770186,1,232
1529770188,3,231
1529770189,3,51
1529770190,1,251
1529770191,2,47
1529770192,1,35
1529770193,1,297
1529770195,1,52
1529770196,2,54
1529770197,1,33
1529770198,1,415
1529770199,1,33
1529770200,3,145
1529770202,3,179
1529770203,2,267
1529770204,2,138
1529770206,1,503
1529770207,3,134
1529770208,1,46
1529770209,3,57
1529770210,3,316
1529770211,1,145
1529770213,3,469
1529770214,3,241
1529770215,1,36
1529770216,3,108
1529770217,3,70
1529770219,3,70
1529770220,3,613
1529770221,1,135
1529770223,3,140
1529770224,1,29
1529770225,1,33
1529770226,4,79
1529770227,1,113
1529770228,3,69
1529770230,3,546
1529770231,2,119
1529770232,3,640
1529770234,2,206
1529770235,3,76
1529770236,2,47
1529770237,3,283
1529770239,3,621
1529770240,2,71
1529770241,3,415
1529770243,2,296
1529770244,1,102
1529770245,3,111
1529770246,3,220
1529770247,3,56
1529770248,1,32
1529770249,3,159
1529770251,3,168
1529770252,2,55
1529770253,1,258
1529770254,2,119
1529770255,3,184
1529770256,1,24
1529770258,3,293
1529770259,2,386
1529770260,3,268
1529770262,3,251
1529770263,2,158
1529770264,3,449
1529770265,1,33
1529770266,1,25
1529770268,2,487
1529770269,2,59
1529770270,3,68
1529770271,1,22
1529770272,1,36
1529770273,1,121
1529770275,2,125
1529770276,3,356
1529770277,3,351
1529770278,2,47
1529770280,2,159
1529770281,2,42
1529770282,3,350
1529770283,1,262
1529770284,2,78
1529770286,2,535
1529770287,2,333
1529770288,1,46
1529770289,1,30
1529770291,1,302
1529770292,1,111
1529770293,1,329
1529770295,1,266
1529770296,3,416
1529770297,2,396
1529770299,2,536
1529770300,1,140
1529770301,2,39
1529770303,2,292
1529770304,1,33
1529770305,1,25
1529770306,1,45
1529770307,1,204
1529770308,2,44
1529770309,1,30
1529770310,3,45
1529770311,2,286
1529770313,1,43
1529770314,3,104
1529770315,1,220
1529770316,2,220
1529770317,1,230
1529770319,3,316
1529770320,3,395
1529770321,2,58
1529770322,3,156
1529770324,3,401
1529770325,2,49
1529770326,2,50
1529770327,1,23
1529770328,3,143
1529770329,1,219
1529770331,1,33
1529770332,1,174
1529770333,1,27
1529770334,2,387
1529770335,1,31
1529770336,1,99
1529770337,1,34
1529770339,3,470
1529770341,2,557
1529770342,2,229
1529770343,2,386
1529770344,1,49
1529770345,2,93
1529770347,3,136
1529770348,3,516
1529770349,1,21
1529770350,2,226
1529770352,3,423
1529770353,2,332
1529770355,3,291
1529770356,1,29
1529770357,2,37
1529770358,3,302
1529770359,3,368
1529770361,3,559
1529770363,3,392
1529770364,3,227
1529770365,1,202
1529770366,1,121
1529770368,3,626
1529770369,2,243
1529770371,3,515
1529770372,1,29
1529770373,2,40
1529770374,1,23
1529770375,2,253
1529770376,1,29
1529770377,2,133
1529770379,3,254
1529770380,3,540
1529770382,2,234
1529770383,3,430
1529770385,2,470
1529770386,2,98
1529770387,2,102
1529770389,2,684
1529770390,1,37
1529770391,1,29
1529770392,1,40
1529770393,1,30
1529770394,2,299
1529770396,2,481
1529770397,2,66
1529770398,3,300
1529770400,3,456
1529770401,3,120
1529770402,2,127
1529770403,1,44
1529770404,2,60
1529770405,1,82
1529770406,2,183
1529770407,1,31
1529770408,2,109
1529770410,2,35
1529770411,1,33
1529770412,1,69
1529770413,3,111
1529770414,3,277
1529770415,1,34
1529770417,3,517
1529770418,1,313
1529770419,3,185
1529770420,3,66
1529770422,1,429
1529770423,2,204
1529770424,2,345
1529770426,2,108
1529770427,3,63
1529770428,1,234
1529770429,2,272
1529770430,2,142
1529770431,1,30
1529770432,1,41
1529770434,1,45
1529770435,3,144
1529770436,2,352
1529770437,2,43
1529770439,3,512
1529770440,1,217
1529770441,1,259
1529770442,3,83
1529770444,2,127
1529770445,1,22
1529770446,2,162
1529770447,3,69
1529770448,2,364
1529770449,3,101
1529770451,2,141
1529770452,1,40
1529770453,3,66
1529770454,2,281
1529770455,3,284
1529770457,1,29
1529770458,2,218
1529770459,1,29
1529770460,1,42
1529770461,3,152
1529770462,1,132
1529770463,2,43
1529770464,2,113
1529770466,1,254
1529770467,3,57
1529770468,2,111
1529770469,3,62
1529770470,1,33
1529770471,3,292
1529770473,3,95
1529770474,1,32
1529770475,3,136
1529770476,2,117
1529770477,1,147
1529770478,3,139
1529770479,3,149
1529770481,3,127
1529770482,1,272
1529770483,3,180
1529770484,1,39
1529770485,3,88
1529770486,1,27
1529770488,2,139
1529770489,3,116
1529770490,2,184
1529770491,1,262
1529770492,1,198
1529770494,1,373
1529770495,2,37
1529770496,2,112
1529770497,1,256
1529770498,2,123
1529770500,3,390
1529770501,1,215
1529770502,2,63
1529770503,3,189
1529770504,2,71
1529770506,1,185
1529770507,3,342
1529770508,3,289
1529770510,3,136
1529770511,1,29
1529770512,3,51
1529770513,1,33
1529770514,2,68
1529770515,2,51
1529770516,3,309
1529770517,1,26
1529770519,3,282
1529770520,1,29
1529770521,2,44
1529770522,2,169
1529770523,1,24
1529770524,3,83
1529770525,2,48
1529770527,1,267
1529770528,1,98
1529770529,3,195
1529770530,2,45
1529770531,3,229
1529770533,3,454
1529770534,1,109
1529770535,3,64
1529770536,3,182
1529770537,1,29
1529770539,1,263
1529770540,3,571
1529770542,2,366
1529770543,1,10
1529770544,1,36
1529770545,3,287
1529770546,1,28
1529770547,1,241
1529770549,3,266
1529770550,3,328
1529770551,2,307
1529770552,2,58
1529770553,3,141
1529770555,1,29
1529770556,3,202
1529770557,1,32
1529770558,3,186
1529770559,2,196
1529770561,1,283
1529770562,1,14
1529770563,4,161
1529770564,3,73
1529770565,3,123
1529770566,1,124
1529770567,2,63
1529770568,1,200
1529770570,3,373
1529770571,1,42
1529770572,1,387
1529770573,3,76
1529770575,2,177
1529770576,1,38
1529770577,3,75
1529770578,3,63
1529770579,2,356
1529770581,1,194
1529770582,2,443
1529770583,1,32
1529770584,1,115
1529770585,1,24
1529770586,1,25
1529770588,3,215
1529770589,3,149
1529770590,1,95
1529770591,3,504
1529770593,2,208
1529770594,3,205
1529770595,2,292
1529770596,1,35
1529770597,1,44
1529770598,1,46
1529770600,2,107
1529770601,2,83
1529770602,2,51
1529770603,3,105
1529770604,3,367
1529770606,4,633
1529770608,3,464
1529770609,1,343
1529770610,2,373
1529770612,1,288
1529770613,3,220
1529770614,2,375
1529770616,2,147
1529770617,3,517
1529770619,2,484
1529770620,3,152
1529770621,1,21
1529770622,1,250
1529770623,2,72
1529770625,2,309
1529770626,2,113
1529770627,2,399
1529770628,2,128
1529770630,2,181
1529770631,2,145
1529770632,2,41
1529770633,1,291
1529770634,1,29
1529770635,2,41
1529770636,3,248
1529770637,1,32
1529770639,2,55
1529770640,3,352
1529770641,1,30
1529770642,3,83
1529770643,1,245
1529770645,2,167
1529770646,3,86
1529770647,3,277
1529770648,1,37
1529770649,3,84
1529770650,3,70
1529770651,1,28
1529770652,1,38
1529770654,3,115
1529770655,1,33
1529770656,3,732
1529770658,3,470
1529770659,3,237
1529770661,4,568
1529770662,3,541
1529770663,2,61
1529770664,1,23
1529770665,1,38
1529770667,3,63
1529770668,3,203
1529770669,2,407
1529770670,1,30
1529770671,1,85
1529770673,3,296
1529770674,1,32
1529770675,4,270
1529770676,3,116
1529770677,4,65
1529770679,1,517
1529770680,3,67
1529770681,1,30
1529770682,1,24
1529770683,2,316
1529770685,3,558
1529770686,1,328
1529770687,2,150
1529770689,1,210
1529770690,3,225
1529770691,3,401
1529770693,2,67
1529770694,1,350
1529770695,1,37
1529770696,2,49
1529770697,2,52
1529770698,1,40
1529770700,1,265
1529770701,3,393
1529770702,1,298
1529770704,3,456
1529770705,2,115
1529770706,3,167
1529770708,3,532
1529770709,3,496
1529770710,3,190
1529770712,2,399
1529770713,1,26
1529770714,3,120
1529770715,2,308
1529770717,2,519
1529770718,1,83
1529770719,3,175
1529770720,3,270
1529770722,2,99
1529770723,1,32
1529770724,1,48
1529770725,3,69
1529770726,3,63
1529770727,3,163
1529770728,1,29
1529770729,3,225
1529770730,2,62
1529770732,2,187
1529770733,3,230
1529770734,2,77
1529770735,1,30
1529770736,2,50
1529770738,3,678
1529770739,3,233
1529770740,1,19
1529770742,2,499
1529770743,3,78
1529770745,3,727
1529770746,1,31
1529770747,3,65
1529770748,1,50
1529770749,1,320
1529770751,3,697
1529770752,2,452
1529770753,1,29
1529770754,1,30
1529770755,2,47
1529770757,3,251
1529770758,2,46
1529770759,1,30
1529770760,2,353
1529770762,3,503
1529770763,1,43
1529770764,2,61
1529770765,3,327
1529770767,1,292
1529770768,3,166
1529770769,2,67
1529770770,2,461
1529770772,2,37
1529770773,3,255
1529770774,1,50
1529770775,3,79
1529770776,3,463
1529770778,2,66
1529770779,2,162
1529770780,2,179
1529770781,2,68
1529770782,1,92
1529770783,3,101
1529770784,3,160
1529770786,2,447
1529770787,3,437
1529770789,2,116
1529770790,1,29
1529770791,1,31
1529770792,3,187
1529770793,4,226
1529770794,2,41
1529770796,4,461
1529770797,1,40
1529770798,3,164
1529770799,2,349
1529770800,1,38
1529770801,1,59
1529770803,1,58
1529770804,1,27
1529770805,4,381
1529770806,2,47
1529770807,2,48
1529770809,3,316
1529770810,3,225
1529770811,1,32
1529770812,2,258
1529770814,3,519
1529770815,3,631
1529770817,1,189
1529770818,2,59
1529770819,1,43
1529770820,2,147
1529770821,4,512
1529770822,1,34
1529770824,3,59
1529770825,1,208
1529770826,3,477
1529770827,1,31
1529770828,1,68
1529770830,1,41
1529770831,2,477
1529770832,1,180
1529770833,1,201
1529770835,1,107
1529770836,2,38
1529770837,3,398
1529770838,1,22
1529770839,1,169
1529770841,3,237
1529770842,1,30
1529770843,3,431
1529770844,2,69
1529770845,1,130
1529770846,2,142
1529770848,1,126
1529770849,2,43
1529770850,3,274
1529770851,1,33
1529770852,2,249
1529770854,1,177
1529770855,1,23
1529770856,2,85
1529770857,1,30
1529770858,1,208
1529770860,3,730
1529770861,2,73
1529770862,2,211
1529770863,2,57
1529770865,3,275
1529770866,3,260
1529770867,3,436
1529770869,3,406
1529770870,1,44
1529770871,2,65
1529770872,3,544
1529770873,1,25
1529770875,3,196
1529770876,1,24
1529770877,2,68
1529770878,1,466
1529770879,1,26
1529770880,1,29
1529770882,3,69
1529770883,3,379
1529770884,2,228
1529770885,3,55
1529770886,3,54
1529770887,2,39
1529770888,3,67
1529770890,2,104
1529770891,1,25
1529770892,3,391
1529770894,2,484
1529770895,3,500
1529770896,2,156
1529770897,1,36
1529770898,2,47
1529770900,3,174
1529770901,1,301
1529770902,2,45
1529770903,1,32
1529770904,1,47
1529770906,2,331
1529770907,2,216
1529770908,3,281
1529770909,1,205
1529770910,3,67
1529770912,2,71
1529770913,3,504
1529770915,2,505
1529770916,2,62
1529770917,1,407
1529770918,2,34
1529770919,1,29
1529770920,1,192
1529770922,3,71
1529770923,4,579
1529770924,3,150
1529770926,3,219
1529770927,2,495
1529770928,1,15
1529770929,1,11
1529770931,3,413
1529770932,2,130
1529770934,2,770
1529770935,3,151
1529770936,1,30
1529770937,3,152
1529770938,2,100
1529770939,1,28
1529770941,2,503
1529770942,1,32
1529770943,2,333
1529770944,2,83
1529770945,1,39
1529770946,2,104
1529770947,2,87
1529770948,1,23
1529770950,2,260
1529770951,2,269
1529770952,2,65
1529770953,2,83
1529770955,1,239
1529770956,2,329
1529770957,1,410
1529770959,2,284
1529770960,3,63
1529770961,3,403
1529770962,3,213
1529770964,3,310
1529770965,3,112
1529770966,2,260
1529770968,2,432
1529770969,2,513
1529770970,2,51
1529770971,1,130
1529770972,2,63
1529770974,2,371
1529770975,2,52
1529770976,1,31
1529770977,3,403
1529770978,1,36
1529770980,1,26
1529770981,1,52
1529770982,3,321
1529770983,1,31
1529770984,3,217
1529770985,3,197
1529770987,3,58
1529770988,2,385
1529770989,2,145
1529770990,1,221
1529770992,1,22
1529770993,1,39
1529770994,2,435
1529770996,4,498
1529764004,3,9113
1529764011,2,5971
1529764019,2,6968
1529764030,3,9575
1529764036,1,5226
1529764044,3,7701
1529764051,2,5101
1529764057,3,5146
1529764059,1,1533
1529764065,2,5099
1529764070,1,3515
1529764075,2,4156
1529764080,2,3885
1529764084,2,2938
1529764088,2,2840
1529764092,1,2571
1529764098,3,5199
1529764105,2,5893
1529764110,2,4703
1529764113,2,1188
1529764119,2,5315
1529764122,1,2486
1529764127,2,3808
1529764133,2,4688
1529764137,3,3039
1529764143,2,4464
1529764148,3,4633
1529764152,2,2731
1529764155,3,1791
1529764158,1,1861
1529764162,2,2812
1529764166,3,3020
1529764171,3,3946
1529764175,3,2914
1529764179,2,2927
1529764181,1,1762
1529764186,2,3845
1529764190,2,3207
1529764193,2,1864
1529764198,3,3696
1529764199,1,298
1529764203,2,2877
1529764208,2,3787
1529764212,3,3306
1529764215,2,1220
1529764217,2,877
1529764218,1,863
1529764221,1,1787
1529764225,3,2317
1529764227,3,1665
1529764230,1,1748
1529764233,2,1820
1529764237,2,3196
1529764240,2,1414
1529764242,1,1575
1529764246,2,2760
1529764249,2,1972
1529764250,1,444
1529764254,2,2374
1529764256,2,1686
1529764260,2,2534
1529764263,1,2395
1529764265,1,170
1529764268,2,1998
1529764270,1,1715
1529764272,1,952
1529764275,2,1407
1529764276,1,598
1529764278,3,948
1529764280,1,735
1529764283,1,1603
1529764287,3,2717
1529764288,2,756
1529764292,2,2906
1529764293,1,222
1529764296,1,1517
1529764299,3,2313
1529764303,3,2876
1529764305,3,749
1529764309,3,2642
1529764313,4,2884
1529764318,3,4425
1529764320,3,737
1529764322,2,1366
1529764325,1,1993
1529764329,2,3060
1529764333,2,2204
1529764335,1,1613
1529764337,1,1246
1529764340,2,1636
1529764343,1,1418
1529764345,2,1090
1529764347,2,1615
1529764351,3,3125
1529764355,3,2340
1529764356,1,371
1529764358,1,954
1529764361,2,1349
1529764365,3,3198
1529764367,1,1394
1529764371,3,2608
1529764374,2,1941
1529764376,1,872
1529764378,1,1360
1529764380,2,1012
1529764382,2,746
1529764384,1,723
1529764386,2,1564
1529764388,2,1069
1529764390,2,935
1529764392,1,897
1529764394,1,1093
1529764397,2,1593
1529764399,2,1476
1529764402,1,1772
1529764403,1,37
1529764406,3,1965
1529764409,1,1988
1529764412,2,1454
1529764416,2,2834
1529764418,1,1078
1529764421,3,2281
1529764423,1,503
1529764425,3,1207
1529764427,2,1638
1529764430,2,1282
1529764432,2,1117
1529764436,2,2832
1529764439,3,2298
1529764442,3,1416
1529764444,2,1061
1529764446,1,1395
1529764448,1,1021
1529764449,1,381
1529764451,2,493
1529764453,1,1058
1529764455,3,1399
1529764458,2,1105
1529764460,2,1705
1529764463,3,1241
1529764466,3,2258
1529764467,1,565
1529764470,2,1605
1529764473,1,1472
1529764475,1,1234
1529764477,3,858
1529764479,2,735
1529764482,2,2273
1529764484,2,877
1529764485,1,697
1529764488,3,1790
1529764490,3,1104
1529764493,3,1856
1529764495,3,1133
1529764500,3,3304
1529764501,1,638
1529764503,1,1003
1529764505,2,790
1529764508,2,1807
1529764510,2,951
1529764512,2,1323
1529764516,2,2364
1529764518,1,632
1529764519,2,836
1529764521,2,872
1529764523,1,537
1529764526,2,1950
1529764529,3,2296
1529764530,2,260
1529764534,2,2065
1529764537,3,2537
1529764539,3,483
1529764542,1,2038
1529764545,3,2210
1529764547,3,1380
1529764548,1,122
1529764552,2,2393
1529764555,2,2454
1529764557,2,384
1529764558,2,574
1529764560,1,751
1529764562,1,730
1529764563,1,441
1529764566,3,1411
1529764568,1,917
1529764569,1,748
1529764572,3,1533
1529764574,2,1285
1529764575,2,79
1529764577,2,915
1529764579,2,333
1529764582,3,2111
1529764585,3,2532
1529764588,2,1179
1529764590,2,1129
1529764593,2,1934
1529764595,3,1265
1529764597,1,486
1529764599,2,1032
1529764602,3,2398
1529764603,2,382
1529764606,1,1264
1529764609,2,1805
1529764610,1,660
1529764613,2,1749
1529764615,1,537
1529764617,3,1101
1529764619,2,1254
1529764621,1,989
1529764622,1,421
1529764624,4,714
1529764626,1,567
1529764628,3,1119
1529764629,1,271
1529764631,1,744
1529764633,3,1398
1529764636,3,1633
1529764638,2,630
1529764639,3,784
1529764642,3,1515
1529764645,3,2157
1529764647,3,751
1529764649,3,742
1529764651,1,916
1529764653,2,1127
1529764655,1,1519
1529764657,2,825
1529764659,3,1066
1529764661,1,862
1529764663,2,556
1529764665,2,867
1529764667,2,904
1529764668,2,829
1529764671,3,1914
1529764673,2,481
1529764674,3,184
1529764676,3,980
1529764678,1,637
1529764679,1,439
1529764681,1,1125
1529764683,3,1001
1529764685,1,817
1529764687,2,643
1529764689,3,659
1529764690,1,695
1529764692,1,781
1529764693,1,318
1529764695,2,371
1529764696,1,382
1529764698,1,1010
1529764700,2,977
1529764702,3,1122
1529764706,3,2120
1529764708,2,1073
1529764710,1,915
1529764712,1,843
1529764715,3,2464
1529764717,3,1432
1529764719,2,665
1529764721,2,755
1529764722,1,86
1529764724,2,824
1529764726,3,1057
1529764727,1,26
1529764729,3,954
1529764732,2,1553
1529764733,1,467
1529764735,2,607
1529764736,1,652
1529764739,4,1139
1529764740,1,443
1529764742,1,628
1529764744,1,1438
1529764746,1,843
1529764750,3,2991
1529764751,1,423
1529764753,2,870
1529764755,1,403
1529764757,2,1531
1529764759,3,710
1529764762,2,1506
1529764764,2,1342
1529764766,2,528
1529764767,2,788
1529764768,1,10
1529764771,2,2066
1529764773,1,687
1529764775,2,1222
1529764778,2,1124
1529764780,3,986
1529764781,1,41
1529764782,1,683
1529764784,2,324
1529764786,2,1800
1529764788,3,496
1529764790,3,694
1529764792,3,842
1529764793,1,335
1529764794,1,29
1529764796,2,1028
1529764798,2,727
1529764801,2,2525
1529764804,3,1350
1529764806,3,766
1529764808,2,1387
1529764809,2,128
1529764811,2,1209
1529764813,2,1007
1529764815,3,785
1529764817,3,604
1529764819,2,1104
1529764821,2,638
1529764822,2,572
1529764824,1,576
1529764826,1,834
1529764827,1,175
1529764829,3,862
1529764831,2,1179
1529764833,2,623
1529764834,2,776
1529764836,1,267
1529764837,2,558
1529764839,3,976
1529764841,2,881
1529764844,3,2051
1529764846,1,1076
1529764849,3,1412
1529764850,2,585
1529764853,3,1258
1529764855,2,892
1529764857,1,993
1529764859,2,1272
1529764861,1,707
1529764862,1,778
1529764864,3,292
1529764866,3,1015
1529764867,1,687
1529764870,3,1203
1529764871,1,242
1529764872,2,270
1529764874,1,798
1529764876,2,816
1529764879,3,1647
1529764881,2,1203
1529764883,3,1466
1529764885,1,1089
1529764887,3,890
1529764889,3,921
1529764891,2,1094
1529764893,2,783
1529764895,3,365
1529764896,1,514
1529764897,1,286
1529764899,1,617
1529764900,1,423
1529764902,1,366
1529764904,2,904
1529764906,1,711
1529764908,2,1795
1529764910,3,1109
1529764912,2,924
1529764914,2,941
1529764916,3,680
1529764917,3,68
1529764920,3,2153
1529764922,1,620
1529764925,2,1728
1529764926,1,207
1529764927,3,150
1529764929,2,585
1529764931,3,1166
1529764933,3,1508
1529764936,3,1181
1529764937,3,100
1529764939,2,769
1529764941,2,1745
1529764943,2,187
1529764944,3,713
1529764947,3,1687
1529764948,3,192
1529764950,2,484
1529764951,3,684
1529764953,2,952
1529764955,3,741
1529764957,3,460
1529764958,3,660
1529764960,1,909
1529764962,3,702
1529764964,3,712
1529764965,1,435
1529764966,1,151
1529764968,2,542
1529764969,1,289
1529764971,1,271
1529764973,2,1374
1529764974,1,172
1529764977,4,1300
1529764979,3,957
1529764980,3,651
1529764982,1,443
1529764983,1,425
1529764985,1,639
1529764988,3,2005
1529764990,3,695
1529764991,1,24
1529764992,3,815
1529764994,1,974
1529764996,1,282
1529764998,2,821
1529765000,1,1104
1529765001,1,468
1529765003,3,422
1529765004,2,374
1529765005,1,261
1529765007,2,781
1529765011,3,2419
1529765012,2,334
1529765014,2,618
1529765016,4,1696
1529765017,1,129
1529765019,3,223
1529765020,3,673
1529765022,2,453
1529765023,1,242
1529765024,1,373
1529765027,4,1231
1529765028,2,241
1529765029,1,328
1529765033,3,2256
1529765034,1,369
1529765036,3,1309
1529765038,3,793
1529765039,1,183
1529765041,3,1036
1529765043,1,255
1529765044,1,695
1529765046,2,78
1529765047,1,230
1529765049,3,1274
1529765051,2,1297
1529765053,1,598
1529765054,1,265
1529765056,2,897
1529765059,3,1663
1529765061,1,821
1529765062,1,96
1529765063,1,458
1529765065,2,850
1529765067,2,977
1529765069,3,380
1529765070,3,307
1529765072,3,726
1529765073,1,256
1529765075,2,720
1529765076,1,85
1529765077,1,35
1529765079,1,808
1529765080,1,571
1529765082,1,891
1529765084,2,1148
1529765088,2,2411
1529765090,1,782
1529765091,1,588
1529765093,2,790
1529765095,2,498
1529765097,3,775
1529765098,2,454
1529765099,1,249
1529765101,3,395
1529765104,3,1962
1529765105,2,216
1529765106,1,471
1529765109,2,1132
1529765111,3,1028
1529765112,2,331
1529765114,3,634
1529765116,2,1314
1529765117,1,210
1529765119,2,527
1529765120,1,37
1529765121,2,558
1529765123,2,61
1529765124,2,587
1529765126,3,657
1529765127,3,502
1529765129,3,654
1529765132,3,1675
1529765135,3,2425
1529765137,2,537
1529765138,3,654
1529765140,1,364
1529765141,3,617
1529765143,1,33
1529765144,3,512
1529765146,2,495
1529765147,2,754
1529765149,2,282
1529765151,3,1244
1529765152,3,162
1529765154,1,712
1529765156,3,695
1529765157,3,185
1529765158,1,218
1529765160,3,922
1529765161,2,271
1529765163,2,546
1529765165,2,983
1529765166,2,76
1529765168,2,667
1529765171,3,1827
1529765172,2,794
1529765174,2,793
1529765176,1,677
1529765177,2,428
1529765178,1,33
1529765180,1,158
1529765181,2,53
1529765183,1,948
1529765184,1,633
1529765186,2,1003
1529765188,1,427
1529765190,3,1033
1529765192,2,835
1529765193,1,693
1529765195,2,819
1529765197,2,628
1529765198,1,255
1529765200,3,550
1529765202,2,899
1529765204,2,962
1529765205,1,587
1529765206,1,33
1529765208,2,551
1529765209,1,375
1529765211,1,424
1529765212,3,544
1529765214,2,418
1529765215,2,361
1529765216,1,298
1529765218,3,606
1529765221,3,1741
1529765223,2,646
1529765224,2,349
1529765225,2,286
1529765227,1,297
1529765228,3,472
1529765230,3,1456
1529765234,3,2494
1529765236,2,1175
1529765238,3,1141
1529765240,1,491
1529765242,2,802
1529765244,2,736
1529765245,1,743
1529765247,1,553
1529765248,2,129
1529765249,1,54
1529765251,1,535
1529765252,2,514
1529765254,3,593
1529765255,1,92
1529765256,2,547
1529765258,1,25
1529765260,2,971
1529765261,2,876
1529765264,2,1293
1529765266,3,1043
1529765267,1,625
1529765271,1,2197
1529765272,1,153
1529765273,3,583
1529765276,2,1349
1529765277,1,39
1529765278,2,90
1529765279,1,367
1529765281,1,262
1529765282,1,133
1529765284,2,1214
1529765286,3,519
1529765287,2,743
1529765289,1,301
1529765290,1,280
1529765292,3,624
1529765293,2,137
1529765295,1,723
1529765296,1,471
1529765298,3,548
1529765299,1,106
1529765300,3,81
1529765301,2,339
1529765302,2,179
1529765304,2,577
1529765305,1,303
1529765307,1,510
1529765308,3,153
1529765309,1,151
1529765311,1,603
1529765312,2,549
1529765314,3,363
1529765316,2,1127
1529765318,1,805
1529765320,3,694
1529765321,2,794
1529765323,2,263
1529765324,2,342
1529765326,1,465
1529765327,1,238
1529765328,3,412
1529765330,2,634
1529765332,3,664
1529765334,2,1326
1529765336,2,900
1529765339,3,2262
1529765341,2,685
1529765342,3,164
1529765344,2,461
1529765345,1,861
1529765347,1,459
1529765348,3,356
1529765350,2,558
1529765352,1,661
1529765353,3,580
1529765355,2,862
1529765357,2,676
1529765358,3,609
1529765360,1,76
1529765361,3,513
1529765363,2,469
1529765364,1,22
1529765365,2,530
1529765367,3,761
1529765369,3,720
1529765370,3,637
1529765372,3,888
1529765374,1,503
1529765376,2,802
1529765377,2,521
1529765379,1,295
1529765380,2,128
1529765382,1,971
1529765383,2,559
1529765385,3,750
1529765386,2,314
1529765388,3,971
1529765390,2,1058
1529765392,1,765
1529765394,2,871
1529765395,3,83
1529765397,4,1004
1529765399,2,614
1529765400,3,312
1529765402,3,327
1529765403,1,668
1529765405,3,301
1529765406,1,32
1529765408,3,912
1529765409,1,396
1529765411,3,661
1529765412,1,624
1529765414,1,646
1529765415,1,41
1529765416,2,276
1529765418,1,689
1529765420,3,989
1529765422,3,540
1529765423,2,680
1529765425,2,986
1529765428,2,1100
1529765429,1,157
1529765431,3,879
1529765433,3,1139
1529765434,1,211
1529765436,1,744
1529765437,3,392
1529765439,1,316
1529765440,2,700
1529765441,1,91
1529765443,2,535
1529765444,2,350
1529765446,1,272
1529765447,1,596
1529765448,2,176
1529765450,1,680
1529765452,2,747
1529765454,1,570
1529765455,1,353
1529765456,3,212
1529765458,1,574
1529765459,1,173
1529765460,2,276
1529765462,1,706
1529765463,2,169
1529765465,3,763
1529765468,2,1564
1529765470,2,986
1529765471,1,235
1529765472,3,302
1529765474,3,573
1529765476,3,926
1529765477,2,644
1529765479,2,976
1529765481,1,852
1529765483,3,506
1529765484,1,314
1529765485,2,187
1529765487,2,991
1529765489,1,513
1529765490,2,367
1529765492,2,427
1529765493,1,641
1529765495,3,517
1529765497,3,648
1529765498,1,37
1529765499,2,293
1529765501,3,446
1529765502,2,482
1529765504,3,1091
1529765506,1,418
1529765509,3,2589
1529765511,1,290
1529765512,1,208
1529765513,3,665
1529765515,3,786
1529765517,1,208
1529765518,2,255
1529765519,1,455
1529765521,3,931
1529765522,1,27
1529765524,3,252
1529765525,1,408
1529765527,2,735
1529765528,3,558
1529765530,3,478
1529765531,1,355
1529765533,1,528
1529765534,3,593
1529765536,2,721
1529765538,2,827
1529765540,3,533
1529765541,3,337
1529765542,1,48
1529765543,3,215
1529765545,2,420
1529765546,1,32
1529765547,2,73
1529765549,1,689
1529765550,3,704
1529765552,3,258
1529765553,3,477
1529765554,1,327
1529765556,3,296
1529765557,3,304
1529765558,1,212
1529765559,2,181
1529765561,1,303
1529765562,2,322
1529765564,2,501
1529765565,2,88
1529765566,2,561
1529765568,2,804
1529765570,2,644
1529765571,1,446
1529765573,1,536
1529765575,3,981
1529765577,3,1315
1529765580,3,1355
1529765581,3,337
1529765583,1,492
1529765584,3,822
1529765585,3,74
1529765587,2,379
1529765588,1,273
1529765590,3,390
1529765591,1,38
1529765592,1,202
1529765593,3,557
1529765595,2,497
1529765596,1,312
1529765598,2,572
1529765599,2,195
1529765601,2,822
1529765603,3,507
1529765605,2,1266
1529765606,4,663
1529765608,2,645
1529765610,1,648
1529765611,1,361
1529765612,3,174
1529765614,2,65
1529765615,3,674
1529765617,2,496
1529765618,2,489
1529765620,2,458
1529765621,3,297
1529765623,3,826
1529765624,2,150
1529765626,2,643
1529765627,2,308
1529765628,3,321
1529765630,3,362
1529765631,3,345
1529765633,2,515
1529765634,1,68
1529765635,2,554
1529765637,2,547
1529765639,1,712
1529765640,1,33
1529765641,1,29
1529765642,2,264
1529765644,3,501
1529765645,3,801
1529765647,1,664
1529765649,1,392
1529765651,3,1117
1529765652,1,665
1529765654,2,829
1529765656,3,503
1529765657,2,333
1529765659,1,534
1529765660,2,556
1529765661,2,167
1529765663,1,29
1529765664,1,576
1529765666,3,597
1529765668,2,963
1529765670,2,740
1529765671,2,294
1529765672,2,479
1529765674,2,424
1529765675,1,394
1529765677,2,253
1529765678,3,529
1529765680,3,845
1529765681,3,213
1529765682,3,211
1529765684,2,619
1529765686,3,447
1529765687,2,360
1529765689,1,680
1529765691,3,1410
1529765692,3,80
1529765694,2,564
1529765695,2,470
1529765697,2,738
1529765699,3,1009
1529765700,1,348
1529765702,3,88
1529765703,3,198
1529765704,3,300
1529765705,1,337
1529765707,3,477
1529765708,3,107
1529765709,1,35
1529765710,1,304
1529765712,3,960
1529765714,2,308
1529765715,2,520
1529765717,2,335
1529765718,1,23
1529765719,2,538
1529765721,2,700
1529765723,3,656
1529765724,3,653
1529765726,3,697
1529765727,1,27
1529765728,2,209
1529765730,2,951
1529765732,2,204
1529765733,2,475
1529765734,1,96
1529765736,1,431
1529765737,1,216
1529765738,2,539
1529765741,3,1078
1529765742,3,676
1529765743,1,36
1529765745,1,1074
1529765747,2,293
1529765749,3,1522
1529765751,2,387
1529765752,2,563
1529765754,2,443
1529765755,1,302
1529765756,1,34
1529765757,1,84
1529765759,3,1029
1529765761,2,232
1529765762,2,274
1529765763,1,343
1529765765,3,837
1529765766,1,275
1529765767,1,71
1529765769,1,31
1529765770,3,425
1529765771,1,279
1529765773,2,872
1529765775,1,1202
1529765777,1,467
1529765778,3,350
1529765780,2,325
1529765781,3,326
1529765782,3,499
1529765784,2,356
1529765786,3,898
1529765787,1,224
1529765788,2,68
1529765790,3,682
1529765792,3,1036
1529765793,2,56
1529765794,1,30
1529765796,2,470
1529765797,1,269
1529765798,1,415
1529765800,2,589
1529765802,3,905
1529765804,2,953
1529765805,2,62
1529765807,3,670
1529765809,2,1083
1529765810,2,129
1529765811,3,318
1529765813,2,934
1529765814,3,80
1529765816,2,389
1529765817,1,215
1529765818,1,135
1529765819,1,279
1529765822,2,1151
1529765823,1,315
1529765825,2,750
1529765826,1,22
1529765827,1,571
1529765829,1,233
1529765830,3,552
1529765832,2,341
1529765833,1,303
1529765835,3,614
1529765836,1,361
1529765837,1,220
1529765840,2,1456
1529765841,3,273
1529765842,1,325
1529765844,3,589
1529765845,2,357
1529765846,2,59
1529765848,1,171
1529765849,1,471
1529765851,1,617
1529765852,2,679
1529765854,2,1024
1529765857,2,979
1529765858,3,232
1529765859,3,170
1529765860,2,347
1529765862,3,367
1529765863,1,359
1529765864,1,31
1529765865,1,27
1529765866,1,82
1529765868,1,738
1529765869,1,128
1529765871,2,601
1529765872,3,518
1529765874,1,510
1529765876,3,954
1529765877,1,37
1529765879,3,971
1529765880,1,332
1529765882,2,691
1529765884,4,1124
1529765885,2,215
1529765887,1,192
