timestamp,kw_lengh,took_ms
1529610240,12,2136
1529610242,13,1255
1529610244,7,621
1529610245,14,487
1529610247,15,663
1529610249,14,618
1529610250,16,487
1529610252,16,928
1529610254,14,805
1529610255,7,499
1529610257,7,360
1529610259,16,1184
1529610261,14,711
1529610263,13,742
1529610264,12,409
1529610266,17,711
1529610268,13,755
1529610270,15,1272
1529610271,15,300
1529610273,13,493
1529610274,15,495
1529610276,16,659
1529610277,7,372
1529610279,16,594
1529610281,17,701
1529610282,15,694
1529610284,12,734
1529610285,7,257
1529610287,12,182
1529610288,12,635
1529610290,11,514
1529610291,12,470
1529610293,7,427
1529610295,12,846
1529610296,13,703
1529610298,11,432
1529610299,11,657
1529610301,12,508
1529610302,7,434
1529610304,16,988
1529610306,7,419
1529610308,11,728
1529610309,12,334
1529610311,14,1022
1529610313,11,513
1529610314,7,735
1529610316,17,460
1529610319,17,1763
1529610320,7,333
1529610322,12,556
1529610323,7,549
1529610325,14,962
1529610326,13,321
1529610328,16,498
1529610330,17,872
1529610331,7,589
1529610333,13,742
1529610335,7,280
1529610336,16,814
1529610338,17,833
1529610340,17,491
1529610342,15,859
1529610343,15,666
1529610345,13,521
1529610346,7,403
1529610348,11,795
1529610350,11,669
1529610352,14,818
1529610353,13,635
1529610354,7,143
1529610356,14,326
1529610357,11,486
1529610359,14,551
1529610361,12,562
1529610363,17,1144
1529610364,15,532
1529610366,13,755
1529610368,15,581
1529610369,12,611
1529610371,13,990
1529610373,16,368
1529610374,7,521
1529610376,17,593
1529610377,13,583
1529610380,15,1423
1529610381,7,622
1529610383,7,401
1529610384,15,437
1529610386,7,194
1529610387,15,831
1529610389,14,699
1529610391,7,382
1529610392,12,522
1529610394,17,772
1529610395,7,199
1529610397,14,671
1529610399,15,682
1529610400,11,274
1529610401,7,554
1529610403,16,683
1529610405,7,551
1529610406,16,498
1529610408,7,433
1529610409,16,548
1529610411,12,386
1529610413,12,1004
1529610414,7,200
1529610415,13,457
1529610417,15,460
1529610418,14,297
1529610420,16,746
1529610422,16,1031
1529610424,7,1012
1529610426,14,907
1529610428,12,627
1529610429,17,706
1529610431,16,673
1529610433,15,869
1529610435,17,782
1529610436,11,475
1529610438,7,435
1529610439,11,543
1529610441,15,757
1529610443,7,640
1529610444,7,285
1529610446,17,498
1529610447,16,782
1529610449,11,874
1529610451,11,644
1529610453,12,704
1529610454,7,175
1529610456,16,753
1529610457,15,912
1529610459,15,764
1529610461,7,503
1529610462,12,494
1529610464,17,1072
1529610466,15,787
1529610468,14,501
1529610469,17,516
1529610471,13,1009
1529610473,11,642
1529610474,12,339
1529610476,17,538
1529610478,12,1009
1529610479,7,185
1529610481,14,531
1529610483,14,987
1529610484,16,346
1529610486,7,426
1529610487,11,977
1529610489,17,429
1529610490,7,351
1529610492,12,579
1529610493,13,481
1529610495,13,397
1529610496,7,624
1529610498,7,273
1529610499,12,674
1529610501,17,658
1529610503,11,527
1529610504,7,444
1529610506,13,490
1529610508,14,959
1529610509,14,315
1529610511,16,870
1529610512,16,553
1529610514,13,600
1529610515,11,250
1529610517,17,944
1529610519,15,508
1529610521,11,852
1529610522,7,630
1529610524,7,553
1529610525,13,417
1529610527,11,238
1529610529,15,1266
1529610530,17,484
1529610533,15,1105
1529610534,12,725
1529610536,17,567
1529610537,12,521
1529610539,7,556
1529610541,15,811
1529610543,7,649
1529610544,7,505
1529610545,13,356
1529610547,16,662
1529610549,12,631
1529610550,11,707
1529610552,17,851
1529610554,11,493
1529610555,14,464
1529610557,7,622
1529610559,13,1084
1529610561,7,453
1529610562,12,405
1529610564,13,653
1529610566,14,880
1529610567,12,298
1529610568,7,530
1529610570,12,337
1529610572,16,750
1529610573,11,689
1529610575,7,387
1529610577,16,836
1529610578,17,916
1529610580,14,903
1529610582,11,479
1529610583,15,444
1529610585,13,315
1529610586,16,486
1529610588,17,992
1529610590,11,360
1529610592,13,884
1529610593,16,778
1529610595,16,696
1529610597,13,740
1529610599,16,813
1529610600,13,482
1529610602,14,1046
1529610604,11,809
1529610605,7,335
1529610607,13,442
1529610608,12,504
1529610610,7,415
1529610611,13,676
1529610613,7,675
1529610615,7,536
1529610617,17,941
1529610618,14,615
1529610620,7,208
1529610621,16,651
1529610623,11,454
1529610625,17,933
1529610626,11,496
1529610628,7,356
1529610629,12,866
1529610631,15,910
1529610633,7,444
1529610634,17,578
1529610636,17,652
1529610638,15,898
1529610640,11,430
1529610641,15,563
1529610643,11,797
1529610644,11,530
1529610647,16,1705
1529610649,15,586
1529610650,7,533
1529610652,14,590
1529610654,16,966
1529610655,11,452
1529610657,13,710
1529610659,14,381
1529610660,7,242
1529610662,15,1339
1529610664,13,822
1529610666,12,582
1529610667,7,701
1529610669,12,497
1529610671,14,734
1529610672,12,488
1529610674,14,744
1529610676,14,814
1529610678,12,849
1529610679,7,404
1529610681,11,818
1529610683,16,815
1529610684,12,380
1529610686,15,910
1529610688,11,724
1529610689,16,764
1529610691,11,540
1529610693,15,550
1529610694,15,716
1529610696,7,321
1529610697,16,635
1529610699,11,199
1529610700,7,498
1529610702,13,464
1529610703,16,695
1529610705,14,929
1529610707,15,807
1529610709,12,757
1529610710,14,589
1529610712,7,674
1529610714,13,588
1529610716,15,1220
1529610718,16,798
1529610719,13,476
1529610721,15,1099
1529610723,17,645
1529610725,15,785
1529610727,16,987
1529610728,15,449
1529610730,17,584
1529610732,17,932
1529610733,7,303
1529610735,17,1055
1529610737,11,802
1529610739,16,1287
1529610741,13,811
1529610743,12,675
1529610744,11,314
1529610746,14,652
1529610748,16,558
1529610749,14,722
1529610751,16,1120
1529610753,14,246
1529610755,16,851
1529610756,14,845
1529610758,7,250
1529610759,14,651
1529610761,17,534
1529610762,7,459
1529610764,12,752
1529610766,14,716
1529610768,14,930
1529610769,7,267
1529610771,7,608
1529610772,7,391
1529610774,16,1012
1529610776,14,889
1529610779,13,1632
1529610781,15,774
1529610782,7,670
1529610784,13,466
1529610786,17,1228
1529610787,11,509
1529610789,14,507
1529610790,15,397
1529610792,16,695
1529610794,11,1188
1529610796,17,711
1529610798,15,668
1529610799,11,301
1529610801,15,511
1529610803,15,1349
1529610805,15,1057
1529610806,15,316
1529610808,13,730
1529610809,11,271
1529610811,17,574
1529610813,7,905
1529610815,12,569
1529610816,15,769
1529610818,14,289
1529610819,11,260
1529610821,7,637
1529610822,7,864
1529610824,11,858
1529610826,11,299
1529610828,17,1644
1529610830,17,855
1529610832,17,1163
1529610834,16,732
1529610836,17,965
1529610838,13,1132
1529610840,15,890
1529610842,13,704
1529610843,11,236
1529610844,7,275
1529610846,7,192
1529610847,11,682
1529610849,12,493
1529610850,7,398
1529610852,15,837
1529610853,16,282
1529610856,16,1201
1529610857,16,710
1529610859,7,439
1529610861,17,813
1529610863,17,1099
1529610865,17,1011
1529610867,11,751
1529610868,7,672
1529610870,7,348
1529610872,14,878
1529610874,17,839
1529610875,12,707
1529610877,7,505
1529610879,13,766
1529610880,7,224
1529610882,16,954
1529610884,13,1455
1529610886,14,925
1529610889,15,1287
1529610890,11,416
1529610891,11,403
1529610893,12,579
1529610895,17,824
1529610896,7,352
1529610898,13,1127
1529610900,13,562
1529610902,17,770
1529610903,17,654
1529610905,13,530
1529610907,7,524
1529610908,12,746
1529610910,7,573
1529610911,7,102
1529610912,7,230
1529610914,13,575
1529610915,13,455
1529610917,7,875
1529610919,7,483
1529610920,11,693
1529610922,15,438
1529610924,17,701
1529610925,11,258
1529610927,14,724
1529610929,7,1124
1529610930,16,512
1529610932,14,966
1529610934,12,523
1529610935,17,546
1529610937,13,889
1529610939,16,763
1529610941,16,750
1529610943,16,1237
1529610945,13,532
1529610947,14,1125
1529610949,15,809
1529610951,13,1462
1529610953,16,623
1529610955,17,742
1529610956,15,638
1529610958,15,978
1529610959,7,181
1529610962,17,1121
1529610964,17,1098
1529610966,14,837
1529610967,11,402
1529610968,7,173
1529610970,15,923
1529610972,13,942
1529610974,11,858
1529610976,17,1169
1529610977,12,332
1529610979,17,761
1529610981,16,1063
1529610983,11,541
1529610984,11,423
1529610986,13,298
1529610988,17,772
1529610989,7,355
1529610991,14,1196
1529610993,12,676
1529610995,14,1093
1529610997,14,812
1529610998,14,457
1529611000,16,1153
1529611002,13,536
1529611004,7,613
1529611005,15,843
1529611007,17,613
1529611009,13,705
1529611010,12,597
1529611012,15,891
1529611014,16,1049
1529611016,7,706
1529611018,12,495
1529611020,13,1072
1529611021,16,429
1529611023,12,544
1529611024,14,341
1529611026,12,517
1529611027,11,642
1529611029,11,600
1529611031,14,1160
1529611033,17,938
1529611035,13,1316
1529611037,7,686
1529611039,11,836
1529611041,12,707
1529611043,12,813
1529611044,7,893
1529611046,14,602
1529611048,14,693
1529611049,7,458
1529611051,12,297
1529611052,14,768
1529611054,15,721
1529611056,12,1146
1529611058,12,726
1529611060,15,768
1529611061,17,525
1529611063,15,767
1529611065,7,578
1529611066,12,558
1529611068,12,765
1529611070,7,712
1529611072,17,969
1529611074,14,721
1529611075,13,822
1529611077,14,522
1529611079,15,968
1529611081,15,1145
1529611083,7,497
1529611084,11,435
1529611086,12,709
1529611087,11,402
1529611089,16,668
1529611091,7,576
1529611092,13,765
1529611094,14,422
1529611096,17,931
1529611098,7,894
1529611100,13,960
1529611102,15,965
1529611104,7,868
1529611105,11,446
1529611107,12,522
1529611108,7,260
1529611109,7,243
1529611111,17,785
1529611112,7,546
1529611114,11,584
1529611116,13,530
1529611118,17,1051
1529611119,16,765
1529611121,14,676
1529611123,11,507
1529611125,17,1253
1529611127,13,572
1529611128,7,176
1529611129,11,600
1529611131,7,336
1529611132,7,220
1529611135,16,1520
1529611136,11,947
1529611138,14,366
1529611140,15,894
1529611142,17,1151
1529611144,14,679
1529611146,17,1228
1529611148,15,943
1529611150,13,775
1529611151,12,493
1529611153,17,1027
1529611155,17,814
1529611157,7,535
1529611158,11,724
1529611160,15,571
1529611162,13,808
1529611163,11,533
1529611165,17,836
1529611167,17,477
1529611169,16,1413
1529611171,14,584
1529611172,16,549
1529611174,15,389
1529611176,15,1268
1529611178,17,963
1529611180,16,991
1529611182,14,357
1529611184,12,1140
1529611185,14,696
1529611187,12,265
1529611189,16,1047
1529611191,15,979
1529611192,15,717
1529611194,17,853
1529611196,17,587
1529611198,16,1330
1529611200,14,522
1529611202,12,677
1529611203,13,454
1529611205,13,435
1529611206,7,699
1529611208,15,418
1529611209,7,485
1529611211,14,619
1529611212,14,480
1529611214,12,744
1529611216,11,435
1529611217,7,319
1529611218,11,563
1529611220,7,340
1529611222,17,684
1529611223,7,334
1529611225,17,1167
1529611227,15,748
1529611229,16,1116
1529611231,17,1321
1529611233,14,316
1529611235,16,926
1529611237,15,1172
1529611238,7,249
1529611240,13,1014
1529611242,11,748
1529611243,14,467
1529611245,7,230
1529611246,7,503
1529611248,7,411
1529611250,17,870
1529611251,15,589
1529611253,14,650
1529611255,17,837
1529611256,16,668
1529611258,15,867
1529611260,13,1069
1529611263,15,1377
1529611264,17,615
1529611266,11,931
1529611268,16,1017
1529611270,11,696
1529611272,12,508
1529611273,12,339
1529611275,11,946
1529611277,16,610
1529611278,15,796
1529611280,14,483
1529611281,11,320
1529611283,7,456
1529611284,13,484
1529611286,15,417
1529611288,12,881
1529611289,11,801
1529611291,7,367
1529611293,16,763
1529611294,7,227
1529611295,14,341
1529611297,7,514
1529611299,16,772
1529611300,7,294
1529611302,12,649
1529611303,7,226
1529611304,17,476
1529611306,12,696
1529611307,11,267
1529611309,12,798
1529611310,7,180
1529611312,12,460
1529611313,13,450
1529611315,7,219
1529611316,7,215
1529611318,15,911
1529611319,11,749
1529611321,16,749
1529611323,13,788
1529611325,16,685
1529611326,7,252
1529611328,11,848
1529611330,13,960
1529611332,13,1171
1529611334,17,1030
1529611336,15,501
1529611337,14,687
1529611339,13,843
1529611341,15,914
1529611343,16,950
1529611345,12,765
1529611347,11,993
1529611348,11,459
1529611350,15,834
1529611352,16,775
1529611354,16,1297
1529611356,14,615
1529611358,12,659
1529611359,7,236
1529611360,7,426
1529611362,14,885
1529611364,7,266
1529611365,13,624
1529611367,14,702
1529611368,13,311
1529611370,17,653
1529611371,7,96
1529611372,13,328
1529611374,13,318
1529611376,14,882
1529611377,15,684
1529611379,11,668
1529611381,12,502
1529611382,17,662
1529611384,7,403
1529611385,13,349
1529611387,13,578
1529611388,17,518
1529611390,14,555
1529611391,11,462
1529611393,14,716
1529611394,7,204
1529611396,16,685
1529611397,7,278
1529611399,7,489
1529611401,16,868
1529611403,17,951
1529611404,7,383
1529611406,15,879
1529611407,7,201
1529611409,15,862
1529611410,15,318
1529611412,7,147
1529611413,16,426
1529611415,15,1279
1529611417,14,529
1529611419,17,820
1529611420,14,654
1529611422,7,154
1529611423,16,749
1529611425,7,210
1529611427,17,1030
1529611428,12,340
1529611430,14,978
1529611431,7,368
1529611433,16,996
1529611436,16,1312
1529611437,7,373
1529611439,12,543
1529611440,7,203
1529611442,15,962
1529611443,12,381
1529611445,14,839
1529611447,17,826
1529611449,14,640
1529611451,12,1003
1529611453,17,1021
1529611455,12,688
1529611457,17,1058
1529611458,15,815
1529611460,7,711
1529611462,7,425
1529611463,14,735
1529611465,16,655
1529611467,17,1143
1529611469,14,577
1529611470,7,391
1529611472,11,872
1529611474,17,1295
1529611476,12,700
1529611478,15,770
1529611480,12,781
1529611481,13,324
1529611483,7,551
1529611484,7,460
1529611485,7,207
1529611487,16,627
1529611489,17,1089
1529611491,11,348
1529611492,17,880
1529611494,11,831
1529611496,14,541
1529611498,13,778
1529611500,13,931
1529611501,7,443
1529611503,11,696
1529611505,16,924
1529611506,12,569
1529611508,17,898
1529611510,16,697
1529611512,15,810
1529611514,13,816
1529611515,13,323
1529611516,7,184
1529611518,12,613
1529611519,16,573
1529611521,12,563
1529611523,13,910
1529611525,17,1029
1529611527,17,965
1529611528,7,471
1529611530,14,517
1529611532,13,818
1529611533,14,484
1529611535,11,241
1529611536,7,426
1529611538,14,801
1529611540,12,638
1529611541,7,547
1529611542,14,299
1529611544,12,410
1529611546,15,925
1529611548,15,985
1529611549,12,247
1529611551,17,483
1529611552,15,462
1529611554,11,546
1529611556,16,1045
1529611558,16,827
1529611559,16,421
1529611561,7,451
1529611562,7,238
1529611564,13,711
1529611565,14,811
1529611567,7,314
1529611568,7,279
1529611571,17,1736
1529611572,7,237
1529611574,12,512
1529611575,13,337
1529611577,11,654
1529611578,7,259
1529611580,13,770
1529611581,12,393
1529611583,14,821
1529611585,14,1270
1529611587,17,405
1529611588,11,732
1529611590,17,726
1529611591,15,268
1529611594,13,1196
1529611595,11,246
1529611597,17,983
1529611599,12,635
1529611601,15,995
1529611602,11,845
1529611604,17,975
1529611606,7,179
1529611607,12,468
1529611609,13,598
1529611611,14,742
1529611612,7,209
1529611614,15,1066
1529611616,17,1031
1529611618,14,618
1529611619,7,677
1529611621,12,736
1529611623,16,688
1529611625,12,1034
1529611626,16,680
1529611628,11,527
1529611630,11,626
1529611631,7,303
1529611633,15,719
1529611635,17,791
1529611636,16,339
1529611637,15,532
1529611639,13,455
1529611640,15,391
1529611642,15,677
1529611644,11,684
1529611646,17,796
1529611648,14,1225
1529611650,14,860
1529611651,17,576
1529611653,15,558
1529611655,17,726
1529611657,17,1127
1529611659,7,717
1529611660,7,560
1529611662,17,1297
1529611664,12,710
1529611666,17,1080
1529611669,12,1206
1529611670,12,623
1529611672,15,835
1529611673,14,403
1529611676,15,1447
1529611678,14,875
1529611679,16,630
1529611681,7,184
1529611683,17,827
1529611684,17,776
1529611686,11,664
1529611687,7,424
1529611689,11,358
1529611690,7,538
1529611692,13,568
1529611694,12,923
1529611696,16,923
1529611698,14,1413
1529611700,7,339
1529611701,7,252
1529611703,12,619
1529611704,13,903
1529611707,12,1283
1529611708,15,531
1529611710,17,783
1529611711,17,350
1529611714,16,1114
1529611715,17,830
1529611717,12,620
1529611719,7,642
1529611721,17,1249
1529611723,14,594
1529611724,11,217
1529611726,11,686
1529611727,13,493
1529611729,12,536
1529611730,7,603
1529611732,17,606
1529611733,14,538
1529611735,12,341
1529611736,14,305
1529611738,14,624
1529611740,17,995
1529611741,7,643
1529611744,13,1092
1529611745,11,236
1529611746,12,615
1529611748,13,662
1529611750,14,826
1529611751,7,236
1529611754,16,1257
1529611755,15,836
1529611757,12,550
1529611758,13,469
1529611761,17,1043
1529611763,14,989
1529611764,13,505
1529611765,7,149
1529611768,17,1711
1529611770,15,622
1529611771,11,433
1529611772,14,404
1529611774,16,488
1529611776,14,675
1529611777,12,553
1529611779,7,228
1529611780,13,496
1529611782,15,773
1529611783,7,279
1529611785,12,1000
1529611787,14,1048
1529611789,13,464
1529611791,16,709
1529611793,13,1067
1529611795,11,933
1529611796,16,267
1529611797,13,412
1529611799,14,756
1529611801,15,980
1529611803,11,850
1529611805,15,874
1529611806,7,456
1529611808,7,318
1529611809,7,735
1529611811,11,487
1529611813,14,1215
1529611815,7,583
1529611816,11,608
1529611818,16,773
1529611820,15,501
1529611821,13,676
1529611823,11,458
1529611824,7,422
1529611826,13,489
1529611827,17,662
1529611830,17,1137
1529611831,12,469
1529611833,15,586
1529611835,17,891
1529611836,7,171
1529611838,7,712
1529611839,17,789
1529611841,7,444
1529611842,13,346
1529611844,11,581
1529611845,15,533
1529611848,17,1099
1529611849,15,376
1529611850,12,399
1529611852,11,412
1529611853,14,470
1529611855,16,894
1529611857,11,736
1529611858,7,531
1529611861,17,1133
1529611862,16,468
1529611864,14,809
1529611865,7,427
1529611867,15,556
1529611868,15,285
1529611870,13,451
1529611871,15,655
1529611873,13,639
1529611874,11,262
1529611876,17,534
1529611878,13,902
1529611880,12,1183
1529611882,16,990
1529611884,13,572
1529611885,7,251
1529611887,12,572
1529611889,17,1075
1529611890,12,820
1529611892,15,618
1529611894,13,614
1529611895,14,364
1529611896,7,169
1529611898,16,378
1529611900,16,999
1529611901,16,361
1529611903,17,646
1529611905,15,835
1529611906,16,830
1529611908,11,266
1529611909,14,559
1529611911,14,495
1529611913,11,648
1529611914,7,471
1529611916,13,1416
1529611918,11,597
1529611920,12,518
1529611921,12,291
1529611923,12,974
1529611925,15,586
1529611926,12,759
1529611928,7,560
1529611930,16,671
1529611931,16,576
1529611933,15,903
1529611935,14,625
1529611936,16,327
1529611938,7,532
1529611939,11,672
1529611941,14,518
1529611942,14,521
1529611944,16,694
1529611946,13,1011
1529611947,7,179
1529611949,7,332
1529611950,15,587
1529611953,13,1241
1529611954,11,593
1529611956,12,864
1529611958,14,658
1529611960,15,1342
1529611962,17,578
1529611963,7,418
1529611965,15,303
1529611966,12,677
1529611968,11,521
1529611970,13,985
1529611972,15,1129
1529611974,12,792
1529611976,15,749
1529611977,17,743
1529611979,11,779
1529611981,15,500
1529611982,11,263
1529611984,15,707
1529611985,16,673
1529611987,7,474
1529611988,7,371
1529611990,17,1173
1529611992,15,448
1529611994,14,1153
1529611996,7,467
1529611997,12,828
1529612000,14,1090
1529612001,7,392
1529612002,14,430
1529612004,13,812
1529612006,11,344
1529612007,16,662
1529612009,11,419
1529612010,7,202
1529612012,12,807
1529612014,14,921
1529612016,15,1061
1529612017,13,431
1529612019,13,265
1529612020,7,584
1529612022,17,1131
1529612024,16,648
1529612026,13,807
1529612028,13,908
1529612029,7,674
1529612031,7,213
1529612032,7,466
1529612034,15,616
1529612035,12,228
1529612037,17,1277
1529612039,16,429
1529612041,7,659
1529612042,14,343
1529612044,17,661
1529612045,14,322
1529612047,15,795
1529612048,7,352
1529612050,13,469
1529612051,11,688
1529612053,15,930
1529612055,14,671
1529612057,15,701
1529612059,7,821
1529612060,16,653
1529612062,12,947
1529612064,17,774
1529612066,11,533
1529612068,17,1045
1529612070,15,1243
1529612072,17,1309
1529612074,11,700
1529612075,12,505
1529612077,12,242
1529612079,11,890
1529612081,15,1038
1529612082,14,746
1529612084,7,284
1529612085,11,318
1529612086,11,251
1529612088,11,301
1529612089,13,579
1529612091,12,806
1529612093,16,1121
1529612096,16,1602
1529612097,13,519
1529612099,7,758
1529612101,11,583
1529612103,7,740
1529612105,13,1036
1529612106,16,480
1529612108,13,808
1529612110,15,814
1529612111,7,399
1529612113,7,271
1529612115,16,956
1529612116,13,674
1529612118,17,591
1529612120,11,987
1529612122,13,715
1529612124,17,1065
1529612126,15,979
1529612127,15,522
1529612129,14,1142
1529612131,7,252
1529612133,14,1391
1529612135,12,1118
1529612137,14,873
1529612138,7,186
1529612140,7,421
1529612141,12,324
1529612142,16,313
1529612144,16,727
1529612146,12,588
1529612148,16,924
1529612149,12,251
1529612151,12,710
1529612152,17,393
1529612154,16,767
1529612156,13,879
1529612158,14,792
1529612160,7,887
1529612161,14,735
1529612163,15,656
1529612165,15,896
1529612167,13,1371
1529612169,17,1007
1529612171,11,714
1529612173,16,704
1529612174,14,634
1529612176,14,475
1529612177,7,373
1529612179,11,622
1529612181,7,805
1529612183,11,1057
1529612185,13,947
1529612186,15,341
1529612188,11,708
1529612189,7,255
1529612191,12,276
1529612193,16,1116
1529612194,13,449
1529612196,17,674
1529612197,13,598
1529612199,7,417
1529612201,16,826
1529612202,11,476
1529612204,7,447
1529612205,17,642
1529612207,15,580
1529612209,12,945
1529612211,12,692
1529612212,12,741
1529612214,16,750
1529612217,13,1474
1529612218,14,681
1529612220,15,292
1529612221,7,763
1529612223,7,461
1529612225,15,688
1529612227,15,885
1529612228,7,253
1529612229,7,366
1529612231,11,645
1529612233,14,1203
1529612235,7,445
1529612236,13,958
1529612239,17,1065
1529612240,13,668
1529612242,7,561
1529612244,15,657
1529612245,14,549
1529612246,7,176
1529612248,16,825
1529612250,14,630
1529612252,13,1030
1529612254,16,704
1529612255,13,502
1529612257,15,563
1529612258,7,541
1529612260,13,249
1529612262,16,975
1529612263,13,632
1529612265,7,765
1529612266,7,180
1529612268,15,981
1529612270,13,834
1529612271,12,379
1529612273,12,892
1529612275,12,848
1529612277,7,420
1529612278,13,867
1529612280,12,735
1529612282,7,564
1529612284,17,712
1529612285,14,761
1529612288,17,1221
1529612289,14,845
1529612291,11,472
1529612293,14,1032
1529612295,13,879
1529612297,11,849
1529612299,14,1092
1529612301,17,1136
1529612302,15,411
1529612304,11,429
1529612305,7,218
1529612307,17,1152
1529612309,15,850
1529612311,16,717
1529612314,13,1523
1529612315,11,670
1529612317,15,689
1529612319,16,1011
1529612321,16,787
1529612322,11,293
1529612323,7,255
1529612325,17,422
1529612326,11,538
1529612328,7,409
1529612330,14,869
1529612331,13,427
1529612333,16,783
1529612334,7,175
1529612336,15,784
1529612337,12,235
1529612339,7,731
1529612340,15,257
1529612342,13,420
1529612344,13,1211
1529612346,15,1258
1529612348,14,542
1529612349,7,228
1529612350,12,363
1529612352,13,363
1529612353,17,609
1529612355,16,735
1529612356,7,395
1529612358,17,457
1529612359,17,355
1529612361,13,519
1529612363,15,613
1529612365,17,1046
1529612367,16,923
1529612368,17,706
1529612370,11,587
1529612371,12,266
1529612373,16,1228
1529612376,17,1259
1529612378,17,910
1529612379,14,652
1529612381,15,351
1529612383,16,872
1529612385,11,857
1529612386,17,626
1529612388,13,561
1529612390,16,1046
1529612392,13,757
1529612393,11,628
1529612395,7,597
1529612397,14,1292
1529612399,13,1161
1529612401,7,665
1529612403,16,1181
1529612405,14,974
1529612408,13,1404
1529612409,7,466
1529612410,7,238
1529612412,12,240
1529612413,13,728
1529612415,7,193
1529612416,7,631
1529612418,11,633
1529612419,7,491
1529612421,14,915
1529612423,12,987
1529612425,11,836
1529612427,17,447
1529612428,11,451
1529612430,11,811
1529612432,13,655
1529612433,15,747
1529612435,7,503
1529612436,7,525
1529612438,7,194
1529612439,14,347
1529612441,13,909
1529612442,11,309
1529612444,12,304
1529612446,13,1276
1529612447,7,469
1529612449,12,713
1529612451,12,492
1529612453,14,943
1529612454,11,243
1529612455,16,337
1529612457,12,966
1529612459,14,637
1529612461,11,833
1529612462,11,484
1529612464,14,522
1529612466,11,778
1529612467,12,517
1529612469,13,617
1529612471,13,1046
1529612473,13,754
1529612474,7,472
1529612476,16,589
1529612478,17,1117
1529612480,15,1227
1529612481,7,208
1529612483,17,980
1529612485,14,481
1529612486,14,636
1529612489,16,1057
1529612490,7,424
1529612491,7,385
1529612493,12,622
1529612495,16,624
1529612496,7,149
1529612498,16,1071
1529612500,16,1344
1529612502,13,556
1529612503,12,588
1529612505,7,392
1529612507,11,693
1529612508,16,782
1529612510,12,548
1529612512,12,739
1529612513,14,567
1529612515,11,733
1529612517,11,647
1529612519,14,832
1529612520,11,784
1529612522,13,903
1529612524,13,373
1529612525,11,421
1529612528,17,1518
1529612530,15,967
1529612532,17,980
1529612533,7,195
1529612534,7,358
1529612536,13,540
1529612538,15,603
1529612539,13,621
1529612541,16,717
1529612542,12,381
1529612544,17,756
1529612546,16,1281
1529612548,7,1019
1529612550,11,531
1529612551,16,431
1529612553,15,755
1529612555,15,820
1529612557,13,1053
1529612559,16,1043
1529612561,11,411
1529612563,17,923
1529612565,15,881
1529612566,14,809
1529612568,12,825
1529612570,7,473
1529612571,11,792
1529612573,14,618
1529612575,12,825
1529612576,12,375
1529612578,17,909
1529612580,7,636
1529612582,17,595
1529612583,13,558
1529612585,14,667
1529612586,7,269
1529612588,13,573
1529612589,13,711
1529612591,16,577
1529612592,11,409
1529612594,12,306
1529612595,13,258
1529612596,15,270
1529612598,7,490
1529612600,16,800
1529612601,15,441
1529612603,11,797
1529612605,7,662
1529612606,11,429
1529612608,14,900
1529612609,13,234
1529612611,7,410
1529612612,12,575
1529612614,7,322
1529612615,14,743
1529612617,11,501
1529612619,16,565
1529612620,14,379
1529612623,17,1723
1529612625,16,819
1529612626,17,830
1529612628,7,594
1529612630,13,575
1529612631,15,844
1529612633,14,911
1529612636,16,1249
1529612637,16,656
1529612639,7,137
1529612640,17,860
1529612642,17,570
1529612644,16,923
1529612645,11,476
1529612648,15,1030
1529612649,15,688
1529612651,15,551
1529612652,7,544
1529612654,17,592
1529612656,16,1116
1529612658,15,820
1529612660,17,550
1529612661,14,607
1529612663,11,446
1529612664,7,406
1529612666,16,519
1529612668,7,814
1529612669,16,911
1529612671,13,736
1529612672,7,227
1529612674,15,461
1529612676,16,542
1529612677,12,636
1529612679,15,806
1529612681,7,910
1529612682,12,478
1529612684,14,491
1529612685,15,524
1529612687,16,607
1529612689,14,880
1529612691,16,774
1529612692,13,279
1529612694,12,720
1529612696,7,607
1529612698,12,966
1529612699,17,571
1529612701,17,818
1529612703,12,635
1529612704,16,738
1529612706,16,590
1529612708,7,647
1529612709,7,372
1529612711,17,880
1529612713,11,679
1529612714,13,306
1529612716,12,537
1529612717,13,507
1529612719,12,599
1529612720,13,323
1529612722,12,680
1529612723,11,262
1529612725,14,906
1529612726,13,354
1529612728,11,370
1529612730,17,1149
1529612731,17,339
1529612733,16,676
1529612735,14,539
1529612737,16,1117
1529612738,11,568
1529612740,17,782
1529612742,17,485
1529612743,7,183
1529612744,12,466
1529612746,16,653
1529612748,13,930
1529612750,17,749
1529612751,17,611
1529612753,16,909
1529612755,17,1207
1529612757,14,705
1529612758,7,222
1529612760,17,755
1529612762,16,693
1529612764,17,724
1529612765,12,449
1529612766,7,287
1529612768,11,587
1529612770,7,606
1529612772,17,984
1529612773,12,404
1529612774,12,276
1529612776,13,537
1529612778,11,901
1529612780,17,938
1529612782,14,1025
1529612783,15,546
1529612785,14,518
1529612786,7,233
1529612788,17,638
1529612790,15,915
1529612791,7,381
1529612793,14,880
1529612794,7,228
1529612796,7,125
1529612798,17,952
1529612799,12,416
1529612801,15,893
1529612803,17,834
1529612805,13,872
1529612807,16,971
1529612808,7,505
1529612810,7,530
1529612811,13,635
1529612813,17,712
1529612815,15,774
1529612817,13,781
1529612818,11,483
1529612820,11,260
1529612822,17,1052
1529612823,16,777
1529612825,15,624
1529612826,7,140
1529612827,7,190
1529612829,16,933
1529612831,14,844
1529612833,17,863
1529612835,17,1162
1529612837,13,983
1529612839,17,736
1529612841,16,580
1529612842,7,715
1529612844,14,595
1529612846,15,857
1529612848,16,555
1529612849,7,648
1529612851,14,1082
1529612853,14,326
1529612854,12,352
1529612856,15,936
1529612858,12,621
1529612859,7,403
1529612860,12,337
1529612862,11,319
1529612863,12,309
1529612865,12,996
1529612866,7,264
1529612868,12,937
1529612869,7,156
1529612871,7,887
1529612873,15,1057
1529612875,12,855
1529612877,12,430
1529612879,13,1107
1529612881,15,884
1529612882,11,650
1529612884,17,538
1529612886,11,565
1529612887,7,352
1529612888,11,266
1529612890,13,846
1529612892,12,1167
1529612894,14,445
1529612895,7,218
1529612897,12,813
1529612899,15,898
1529612900,11,247
1529612902,7,467
1529612903,13,711
1529612905,16,935
1529612907,13,623
1529612909,17,1259
1529612911,11,500
1529612912,7,302
1529612913,13,331
1529612915,7,191
1529612916,11,690
1529612918,13,346
1529612920,13,1003
1529612921,7,443
1529612923,17,722
1529612924,13,556
1529612926,13,964
1529612928,11,536
1529612930,7,806
1529612931,7,354
1529612932,7,231
1529612934,7,117
1529612935,7,575
1529612936,7,212
1529612938,7,209
1529612939,16,839
1529612941,7,901
1529612943,14,543
1529612945,14,722
1529612946,17,739
1529612948,11,323
1529612949,16,531
1529612951,12,721
1529612953,13,1160
1529612955,14,729
1529612956,7,151
1529612958,11,529
1529612960,16,1240
1529612962,17,846
1529612963,7,455
1529612965,11,820
1529612967,17,667
1529612968,13,492
1529612970,12,983
1529612972,7,394
1529612973,16,385
1529612975,11,596
1529612977,11,855
1529612978,17,659
1529612980,15,316
1529612981,11,365
1529612983,15,770
1529612985,12,781
1529612987,13,862
1529612988,7,344
1529612989,15,466
1529612991,15,603
1529612993,15,838
1529612995,12,852
1529612996,7,243
1529612998,14,738
1529613000,12,923
1529613001,14,551
1529613003,16,858
1529613005,13,888
1529613007,7,540
1529613008,7,268
1529613010,17,763
1529613011,13,606
1529613013,7,414
1529613015,14,904
1529613017,15,1094
1529613018,7,441
1529613020,7,437
1529613021,7,477
1529613023,16,989
1529613025,11,777
1529613027,11,927
1529613029,14,436
1529613031,17,1136
1529613033,11,1129
1529613035,13,643
1529613036,13,349
1529613038,12,732
1529613039,14,347
1529613041,16,809
1529613043,17,1056
1529613045,12,606
1529613046,12,712
1529613048,14,378
1529613049,12,572
1529613051,13,353
1529613052,13,648
1529613054,13,912
1529613056,13,1048
1529613058,7,289
1529613059,13,558
1529613061,16,733
1529613062,13,313
1529613064,12,768
1529613066,15,626
1529613067,7,201
1529613069,15,1005
1529613071,17,798
1529613073,15,835
1529613075,16,1031
1529613077,16,867
1529613078,7,395
1529613080,7,542
1529613081,12,603
1529613083,7,437
1529613085,15,965
1529613087,16,821
1529613088,14,459
1529613090,15,526
1529613091,7,208
1529613093,16,614
1529613095,17,961
1529613096,12,505
1529613098,16,557
1529613100,16,968
1529613101,11,597
1529613103,17,893
1529613105,11,746
1529613107,12,663
1529613108,13,494
1529613110,17,434
1529613111,7,364
1529613113,16,848
1529613114,14,551
1529613117,14,1277
1529613119,16,831
1529613120,14,734
1529613122,17,702
1529613123,17,364
1529613125,16,678
1529613127,14,752
1529613129,15,675
1529613130,13,511
1529613132,17,647
1529613133,15,457
1529613135,13,434
1529613136,14,356
1529613138,16,790
1529613139,7,154
1529613141,11,580
1529613143,15,799
1529613144,7,191
1529613145,7,298
1529613147,7,806
1529613149,17,907
1529613150,7,453
1529613152,12,288
1529613153,12,512
1529613155,11,493
1529613157,16,1117
1529613159,17,724
1529613160,11,461
1529613162,14,1315
1529613164,14,471
1529613166,15,580
1529613167,17,859
1529613169,13,892
1529613171,13,538
1529613173,16,661
1529613174,13,798
1529613176,17,893
1529613178,12,536
1529613179,14,406
1529613181,15,746
1529613183,14,657
1529613184,7,210
1529613186,15,585
1529613188,17,1303
1529613190,13,936
1529613191,11,523
1529613193,17,854
1529613195,14,604
1529613196,14,284
1529613198,11,353
1529613199,16,672
1529613201,7,563
1529613203,14,738
1529613204,7,478
1529613206,13,872
1529613208,16,616
1529613210,16,742
1529613211,7,413
1529613212,7,244
1529613214,13,1083
1529613216,14,752
1529613218,17,1120
1529613221,15,1316
1529613222,13,628
1529613224,17,581
1529613226,16,1373
1529613228,16,908
1529613230,15,497
1529613231,16,505
1529613233,17,863
1529613235,12,538
1529613237,16,1091
1529613238,7,418
1529613240,13,797
1529613241,7,407
1529613243,12,344
1529613245,13,765
1529613247,14,882
1529613248,13,427
1529613250,13,565
1529613251,11,319
1529613253,16,640
1529613254,14,765
1529613256,7,466
1529613257,7,228
1529613259,14,545
1529613260,7,550
1529613262,7,471
1529613263,11,449
1529613265,12,1136
1529613267,14,351
1529613268,11,493
1529613269,12,196
1529613271,7,663
1529613273,17,774
1529613275,13,768
1529613276,13,438
1529613278,12,481
1529613279,13,823
1529613281,17,839
1529613283,7,288
1529613284,7,225
1529613286,13,1107
1529613288,12,478
1529613289,12,509
1529613291,13,544
1529613292,12,401
1529613294,17,533
1529613295,16,459
1529613297,17,551
1529613298,11,523
1529613300,15,578
1529613301,7,218
1529613303,13,752
1529613304,15,286
1529613306,17,353
1529613307,17,731
1529613309,7,206
1529613310,13,787
1529613312,11,805
1529613313,11,225
1529613315,13,537
1529613317,12,502
1529613319,11,863
1529613321,15,1294
1529613323,16,1124
1529613325,12,536
1529613326,17,720
1529613328,14,402
1529613329,14,459
1529613331,15,438
1529613332,13,646
1529613334,11,418
1529613336,16,726
1529613338,17,992
1529613339,16,692
1529613341,15,464
1529613342,13,559
1529613344,11,608
1529613346,16,1293
1529613348,14,376
1529613349,17,399
1529613351,14,728
1529613353,16,808
1529613354,15,580
1529613356,15,356
1529613358,15,719
1529613359,15,825
1529613361,17,768
1529613363,13,766
1529613365,16,1002
1529613367,16,783
1529613368,7,155
1529613370,15,756
1529613371,15,695
1529613373,17,648
1529613375,17,1053
1529613377,7,746
1529613379,17,921
1529613380,14,445
1529613382,7,128
1529613383,12,506
1529613385,14,518
1529613386,16,614
1529613388,11,617
1529613390,13,793
1529613392,14,1119
1529613393,13,612
1529613395,13,480
1529613397,13,579
1529613398,12,277
1529613400,16,1241
1529613402,17,731
1529613404,17,1226
1529613406,17,861
1529613407,7,400
1529613409,14,515
1529613411,16,647
1529613412,14,342
1529613414,14,732
1529613415,12,618
1529613417,7,150
1529613418,13,711
1529613420,12,511
1529613422,14,929
1529613424,16,1004
1529613426,17,1281
1529613428,15,1151
1529613430,14,423
1529613432,15,981
1529613433,11,663
1529613435,17,629
1529613436,7,369
1529613438,17,761
1529613440,12,634
1529613442,13,637
1529613443,14,695
1529613445,7,416
1529613447,17,1007
1529613448,12,420
1529613450,17,892
1529613452,14,434
1529613454,14,1096
1529613456,15,1320
1529613457,7,405
1529613459,7,449
1529613461,17,888
1529613462,14,334
1529613464,13,764
1529613465,14,491
1529613467,12,263
1529613469,17,1398
1529613471,11,563
1529613473,13,801
1529613474,12,460
1529613476,17,938
1529613478,15,1187
1529613480,12,631
1529613481,11,527
1529613483,14,908
1529613485,14,866
1529613487,7,231
1529613488,16,647
1529613490,12,755
1529613492,15,1080
1529613494,14,768
1529613496,15,580
1529613498,17,1152
1529613500,14,909
1529613501,11,424
1529613503,7,424
1529613504,7,172
1529613505,7,279
1529613507,11,786
1529613509,15,1079
1529613511,16,1303
1529613513,15,560
1529613515,15,968
1529613517,12,828
1529613519,14,971
1529613521,15,911
1529613522,11,656
1529613524,12,373
1529613525,7,363
1529613526,7,340
1529613528,7,233
1529613530,12,852
1529613532,16,951
1529613533,17,767
1529613535,16,719
1529613537,12,529
1529613538,12,493
1529613539,7,262
1529613541,12,450
1529613543,12,691
1529613544,14,565
1529613546,14,1132
1529613548,14,788
1529613549,14,247
1529613551,15,613
1529613553,16,535
1529613555,17,1105
1529613557,14,757
1529613559,11,956
1529613560,7,281
1529613562,11,694
1529613563,11,381
1529613565,7,804
1529613566,7,507
1529613569,16,1282
1529613571,15,1088
1529613572,13,744
1529613574,7,189
1529613576,13,902
1529613577,7,580
1529613578,16,301
1529613580,13,342
1529613581,16,515
1529613583,7,498
1529613584,15,548
1529613586,11,205
1529613588,15,987
1529613590,13,1211
1529613591,17,431
1529613593,17,666
1529613595,12,918
1529613597,7,492
1529613598,11,847
1529613600,14,896
1529613602,11,480
1529613603,13,349
1529613605,11,381
1529613606,11,452
1529613608,12,1313
1529613610,17,715
1529613612,13,290
1529613613,7,524
1529613615,17,1088
1529613617,12,921
1529613619,11,874
1529613620,7,372
1529613622,17,767
1529613624,11,794
1529613626,13,713
1529613628,12,972
1529613630,12,846
1529613631,13,450
1529613634,11,1534
1529613635,15,488
1529613637,17,411
1529613639,14,1121
1529613640,12,580
1529613642,17,434
1529613643,7,219
1529613645,15,890
1529613647,14,847
1529613649,15,866
1529613651,11,790
1529613652,15,876
1529613654,12,317
1529613655,13,475
1529613657,14,491
1529613658,7,207
1529613660,14,837
1529613662,17,662
1529613663,17,644
1529613665,15,797
1529613667,7,629
1529613669,7,918
1529613670,11,714
1529613672,16,673
1529613674,17,745
1529613676,16,864
1529613678,12,1057
1529613680,7,981
1529613682,16,1561
1529613685,17,1057
1529613686,7,201
1529613687,14,569
1529613689,13,583
1529613691,17,588
1529613692,14,544
1529613694,17,1167
1529613696,17,1058
1529613698,7,198
1529613699,12,484
1529613700,12,206
1529613703,15,1224
1529613704,14,634
1529613706,12,981
1529613708,7,375
1529613709,7,651
1529613711,11,445
1529613712,12,386
1529613714,7,353
1529613715,11,571
1529613717,15,867
1529613719,13,783
1529613721,11,573
1529613722,11,515
1529613724,17,1093
1529613726,12,666
1529613727,12,529
1529613729,11,351
1529613731,15,689
1529613733,13,1022
1529613734,14,469
1529613735,7,236
1529613737,16,691
1529613739,15,630
1529613740,11,491
1529613742,17,792
1529613743,11,364
1529613745,11,340
1529613747,16,912
1529613748,13,474
1529613750,15,882
1529613751,7,297
1529613753,13,363
1529613754,16,406
1529613756,14,834
1529613758,15,509
1529613759,7,529
1529613761,17,841
1529613763,15,449
1529613764,11,613
1529613766,7,620
1529613768,7,1351
1529613770,11,327
1529613771,7,229
1529613772,7,452
1529613774,14,885
1529613776,14,679
1529613778,15,651
1529613779,13,378
1529613780,7,273
1529613782,7,334
1529613783,15,866
1529613786,17,1011
1529613787,16,763
1529613789,7,530
1529613790,11,592
1529613792,17,619
1529613794,16,1280
1529613797,11,1068
1529613798,14,807
1529613800,7,251
1529613801,12,787
1529613803,15,646
1529613805,12,487
1529613806,7,196
1529613807,12,366
1529613808,7,230
1529613810,14,833
1529613812,14,847
1529613814,17,1115
1529613816,13,857
1529613818,13,970
1529613820,15,364
1529613821,16,789
1529613823,7,454
1529613825,14,681
1529613826,7,248
1529613827,7,411
1529613829,14,818
1529613830,13,311
1529613832,7,172
1529613833,17,478
1529613835,17,1069
1529613837,13,306
1529613838,11,741
1529613840,7,471
1529613842,13,851
1529613843,7,354
1529613845,16,791
1529613847,14,763
1529613849,13,901
1529613850,13,684
1529613852,7,445
1529613854,12,844
1529613855,12,778
1529613857,7,605
1529613859,15,728
1529613860,12,496
1529613862,14,285
1529613863,14,326
1529613865,15,1389
1529613867,13,836
1529613869,15,545
1529613870,7,376
1529613872,17,881
1529613873,7,257
1529613875,14,532
1529613877,17,987
1529613879,17,958
1529613881,17,896
1529613883,16,727
1529613884,15,844
1529613887,17,1369
1529613889,15,770
1529613890,12,579
1529613892,15,559
1529613894,16,708
1529613895,7,179
1529613896,11,367
1529613898,12,807
1529613900,16,766
1529613901,11,358
1529613903,7,943
1529613905,13,625
1529613907,17,940
1529613908,11,201
1529613910,15,889
1529613912,17,1069
1529613914,17,1179
1529613916,12,489
1529613917,7,399
1529613919,17,655
1529613920,7,287
1529613922,11,798
1529613924,14,638
1529613925,16,565
1529613927,13,793
1529613928,7,205
1529613930,13,598
1529613932,17,1085
1529613933,7,313
1529613935,11,437
1529613936,16,388
1529613938,15,959
1529613940,11,441
1529613941,15,835
1529613943,14,241
1529613944,11,470
1529613946,17,911
1529613947,7,220
1529613949,14,737
1529613951,11,666
1529613953,13,820
1529613954,12,900
1529613957,12,1070
1529613959,17,1387
1529613960,7,390
1529613962,12,290
1529613964,16,1270
1529613966,15,755
1529613967,11,665
1529613970,16,1529
1529613972,7,501
1529613973,15,882
1529613975,7,265
1529613976,15,408
1529613977,7,267
1529613979,16,693
1529613981,13,1165
1529613983,14,667
1529613984,7,258
1529613986,14,350
1529613987,14,616
1529613989,15,1017
1529613991,7,341
1529613993,16,969
1529613994,17,528
1529613996,16,727
1529613997,12,202
1529613999,14,1106
1529614001,15,690
1529614002,7,190
1529614004,11,689
1529614005,7,247
1529614008,16,1357
1529614009,7,311
1529614011,15,770
1529614013,17,697
1529614014,7,308
1529614016,16,913
1529614017,7,327
1529614019,13,730
1529614020,13,536
1529614022,11,530
1529614024,12,693
1529614025,11,273
1529614027,7,804
1529614029,17,1024
1529614031,16,737
1529614032,7,704
1529614034,17,976
1529614036,12,488
1529614038,16,864
1529614039,12,271
1529614040,7,288
1529614043,17,1217
1529614045,17,1145
1529614046,11,432
1529614048,14,1163
1529614050,17,629
1529614051,13,299
1529614053,15,838
1529614055,14,372
1529614057,13,925
1529614059,16,863
1529614060,17,603
1529614062,15,543
1529614064,13,858
1529614065,7,176
1529614066,13,482
1529614068,14,632
1529614069,7,318
1529614071,7,458
1529614072,13,331
1529614074,16,588
1529614076,14,837
1529614077,16,584
1529614079,14,350
1529614081,15,937
1529614082,12,873
1529614084,13,719
1529614086,15,757
1529614088,7,608
1529614089,7,165
1529614091,15,1075
1529614092,11,535
1529614094,15,740
1529614096,11,549
1529614098,14,829
1529614100,14,997
1529614101,13,687
1529614103,11,567
1529614104,11,331
1529614106,12,608
1529614108,14,672
1529614109,11,673
1529614111,15,622
1529614113,13,635
1529614114,12,823
1529614116,12,958
1529614118,11,858
1529614120,11,855
1529614121,7,285
1529614123,7,161
1529614125,17,863
1529614126,17,720
1529614128,11,624
1529614130,11,599
1529614131,13,653
1529614132,7,203
1529614134,14,624
1529614136,17,790
1529614137,11,570
1529614139,16,651
1529614141,12,880
1529614142,12,326
1529614144,15,673
1529614146,16,1106
1529614148,12,688
1529614149,13,506
1529614151,12,379
1529614153,11,820
1529614154,12,384
1529614156,12,636
1529614157,11,655
1529614160,15,1115
1529614161,7,230
1529614162,7,530
1529614164,17,540
1529614166,14,711
1529614168,12,885
1529614169,7,221
1529614170,12,545
1529614172,7,167
1529614173,17,428
1529614175,12,498
1529614176,11,426
1529614178,15,589
1529614179,7,248
1529614181,17,644
1529614182,13,453
1529614184,15,894
1529614186,17,1372
1529614188,17,1015
1529614190,13,505
1529614192,16,995
1529614194,14,736
1529614195,14,583
1529614197,11,690
1529614198,13,310
1529614200,11,495
1529614202,13,730
1529614203,14,357
1529614205,12,1006
1529614206,7,171
1529614208,12,754
1529614209,13,335
1529614211,17,800
1529614213,14,817
1529614215,17,1035
1529614217,15,848
1529614219,14,747
1529614220,7,563
1529614222,11,620
1529614224,17,974
1529614225,11,279
1529614227,11,572
1529614228,14,466
1529614230,16,388
1529614232,11,868
1529614233,13,655
1529614235,11,567
1529614236,7,644
1529614238,16,800
1529614240,7,481
1529614241,15,515
1529614243,17,982
1529614245,15,261
1529614246,12,296
1529614248,7,750
1529614249,7,191
1529614251,13,889
1529614253,12,656
1529614254,12,721
1529614255,7,220
1529614257,11,708
1529614259,16,505
1529614260,16,601
1529614262,11,592
1529614264,12,627
1529614265,15,766
1529614267,15,943
1529614269,17,993
1529614271,11,820
1529614274,17,1387
1529614275,15,761
1529614277,13,652
1529614279,17,570
1529614280,11,498
1529614282,14,908
1529614284,12,351
1529614285,7,636
1529614286,7,271
1529614289,13,1022
1529614290,11,608
1529614292,7,320
1529614293,12,626
1529614295,17,764
1529614297,13,564
1529614298,15,542
1529614300,17,800
1529614302,17,1235
1529614304,15,714
1529614305,7,464
1529614307,7,712
1529614309,7,493
1529614310,16,668
1529614312,14,809
1529614314,14,1021
1529614316,13,830
1529614318,15,415
1529614319,17,666
1529614321,16,666
1529614323,15,783
1529614324,13,360
1529614326,7,474
1529614327,16,667
1529614329,11,255
1529614330,11,263
1529614331,11,611
1529614333,14,339
1529614334,11,276
1529614336,14,1136
1529614338,13,632
1529614339,13,307
1529614341,16,833
1529614343,12,817
1529614344,7,248
1529614346,14,975
1529614348,15,710
1529614350,15,775
1529614351,13,512
1529614353,11,386
1529614354,12,462
1529614356,16,631
1529614358,16,859
1529614359,16,449
1529614361,7,359
1529614362,11,705
1529614364,15,946
1529614366,15,529
1529614368,14,738
1529614369,17,447
1529614371,12,745
1529614372,7,167
1529614374,16,942
1529614376,13,1040
1529614378,11,489
1529614379,11,409
1529614380,7,271
1529614382,7,346
1529614383,13,837
1529614385,7,662
1529614387,7,535
1529614388,7,661
1529614390,14,895
1529614392,14,721
1529614394,12,864
1529614395,12,543
1529614397,14,935
1529614399,11,494
1529614400,11,529
1529614402,13,775
1529614404,16,713
1529614406,17,818
1529614408,15,616
1529614409,14,785
1529614411,14,460
1529614412,15,532
1529614415,17,1048
1529614416,11,463
1529614418,16,571
1529614419,11,536
1529614422,17,1384
1529614423,12,681
1529614425,15,530
1529614426,7,235
1529614428,16,934
1529614430,7,441
1529614431,17,659
1529614433,14,626
1529614435,15,731
1529614436,14,597
1529614438,13,662
1529614439,16,363
1529614441,14,580
1529614443,7,733
1529614444,7,603
1529614446,14,754
1529614447,14,409
1529614449,13,850
1529614451,17,1025
1529614453,7,513
1529614455,17,981
1529614457,11,764
1529614458,17,386
1529614460,7,383
1529614461,12,645
1529614463,12,663
1529614465,7,1044
1529614466,11,360
1529614468,7,431
1529614470,12,918
1529614472,15,1126
1529614474,16,1026
1529614475,16,413
1529614477,7,606
1529614478,7,181
1529614480,12,718
1529614482,16,1393
1529614484,16,836
1529614486,13,958
1529614488,16,653
1529614490,12,851
1529614491,15,501
1529614493,16,283
1529614494,14,440
1529614496,14,885
1529614498,15,956
1529614500,7,547
1529614501,15,621
1529614503,7,405
1529614504,7,276
1529614506,13,710
1529614507,17,822
1529614509,13,492
1529614511,13,898
1529614512,12,523
1529614514,12,355
1529614516,15,657
1529614517,11,880
1529614519,16,626
1529614521,14,941
1529614523,15,576
1529614524,14,696
1529614526,11,349
1529614527,14,607
1529614529,13,538
1529614531,16,969
1529614533,14,733
1529614534,12,640
1529614536,11,275
1529614537,16,351
1529614539,13,703
1529614540,17,614
1529614543,17,1287
1529614544,13,644
1529614546,11,602
1529614548,17,548
1529614549,7,633
1529614551,7,371
1529614552,7,533
1529614554,14,1057
1529614556,11,802
1529614557,12,171
1529614559,16,941
1529614560,7,299
1529614562,13,835
1529614564,11,846
1529614566,7,376
1529614568,15,1044
1529614569,11,714
1529614571,14,364
1529614572,12,399
1529614573,7,259
1529614575,16,594
1529614576,13,351
1529614578,16,731
1529614579,7,149
1529614581,13,370
1529614582,7,513
1529614584,15,1140
1529614586,7,420
1529614588,12,1089
1529614590,16,1066
1529614591,11,292
1529614593,13,247
1529614595,16,1005
1529614596,11,681
1529614598,16,667
1529614600,13,751
1529614601,16,531
1529614603,13,395
1529614604,14,354
1529614606,7,878
1529614608,16,1314
1529614610,7,420
1529614612,11,673
1529614613,13,601
1529614615,7,264
1529614616,13,828
1529614618,12,706
1529614620,14,615
1529614621,16,347
1529614623,12,1055
1529614625,15,1179
1529614627,15,562
1529614628,12,331
1529614630,13,781
1529614632,7,852
1529614634,17,668
1529614635,17,658
1529614637,12,357
1529614638,13,412
1529614640,17,1117
1529614642,7,360
1529614643,13,561
1529614645,16,426
1529614646,11,561
1529614648,11,480
1529614649,14,659
1529614651,15,796
1529614653,12,491
1529614655,15,774
1529614656,11,279
1529614658,14,866
1529614659,11,427
1529614661,7,622
1529614663,16,650
1529614664,15,854
1529614666,16,574
1529614668,14,534
1529614669,11,701
1529614671,17,686
1529614673,16,528
1529614675,15,1536
1529614677,12,641
1529614679,17,1380
1529614681,12,595
1529614683,17,1061
1529614684,11,544
1529614686,11,576
1529614688,16,786
1529614690,17,639
1529614691,11,921
1529614693,13,613
1529614696,16,1705
1529614697,14,545
1529614699,17,704
1529614701,16,767
1529614703,17,960
1529614705,15,802
1529614706,7,190
1529614707,13,411
1529614709,17,658
1529614710,12,427
1529614712,7,417
1529614713,12,548
1529614715,11,715
1529614716,7,230
1529614718,7,690
1529614720,14,909
1529614721,7,168
1529614723,7,455
1529614724,11,310
1529614726,15,738
1529614728,17,829
1529614729,15,722
1529614731,15,350
1529614733,12,786
1529614734,14,581
1529614736,15,906
1529614737,7,332
1529614739,16,902
1529614741,11,512
1529614742,12,428
1529614744,13,792
1529614746,17,641
1529614748,16,731
1529614749,17,691
1529614751,13,281
1529614752,7,360
1529614754,13,645
1529614755,12,680
1529614757,12,931
1529614759,17,647
1529614761,12,871
1529614762,7,244
1529614764,7,337
1529614765,17,700
1529614767,14,787
1529614769,7,545
1529614770,14,669
1529614772,15,620
1529614774,13,815
1529614775,12,549
1529614778,17,1181
1529614779,12,529
1529614781,7,518
1529614783,14,932
1529614785,14,1043
1529614786,11,309
1529614787,7,383
1529614789,7,692
1529614791,13,555
1529614793,11,935
1529614795,17,907
1529614797,13,1496
1529614799,17,433
1529614800,16,291
1529614802,15,763
1529614803,15,518
1529614805,14,521
1529614807,16,706
1529614808,12,427
1529614809,7,324
1529614812,15,1896
1529614814,13,695
1529614816,13,675
1529614818,17,972
1529614820,15,906
1529614821,13,317
1529614822,13,368
1529614824,13,1008
1529614826,14,552
1529614827,14,213
1529614829,13,558
1529614831,15,810
1529614832,11,712
1529614834,15,589
1529614836,17,1063
1529614837,12,434
1529614839,15,903
1529614841,16,499
1529614843,15,1004
1529614844,13,283
1529614846,13,1101
1529614848,14,412
1529614850,17,615
1529614851,13,607
1529614853,12,880
1529614854,7,289
1529614856,17,508
1529614858,11,740
1529614859,11,253
1529614861,15,1034
1529614863,14,715
1529614864,16,680
1529614866,17,537
1529614867,7,180
1529614870,14,1486
1529614871,15,333
1529614872,7,225
1529614874,15,936
1529614876,7,330
1529614877,7,475
1529614878,11,260
1529614880,15,715
1529614882,17,1145
1529614884,17,1077
1529614886,17,848
1529614888,7,464
1529614890,11,910
1529614891,11,181
1529614892,7,524
1529614894,17,608
1529614896,15,599
1529614897,7,447
1529614899,17,790
1529614900,12,229
1529614902,13,706
1529614904,14,993
1529614906,16,1397
1529614909,14,1077
1529614911,17,976
1529614912,12,820
1529614914,14,1062
1529614916,14,399
1529614917,13,194
1529614919,13,717
1529614921,12,1084
1529614923,13,906
1529614924,16,366
1529614926,12,971
1529614928,16,846
1529614930,16,865
1529614931,12,361
1529614933,11,419
1529614935,12,815
1529614937,14,916
1529614939,14,941
1529614940,13,587
1529614942,7,376
1529614943,12,267
1529614944,7,508
1529614946,16,481
1529614948,17,919
1529614950,12,847
1529614951,7,286
1529614953,13,534
1529614954,17,728
1529614956,14,564
1529614958,16,532
1529614959,15,783
1529614961,14,1098
1529614964,11,1168
1529614965,7,403
1529614967,14,500
1529614968,14,698
1529614970,15,674
1529614972,11,1239
1529614974,13,520
1529614976,16,1014
1529614977,14,388
1529614979,11,684
1529614980,11,399
1529614983,15,1124
1529614984,15,737
1529614986,11,843
1529614987,7,256
1529614989,13,495
1529614991,14,487
1529614992,11,749
1529614994,15,1008
1529614996,11,577
1529614998,7,635
1529614999,11,515
1529615001,13,731
1529615003,14,1304
1529615005,11,756
1529615007,14,512
1529615008,13,891
1529615010,11,315
1529615012,17,1259
1529615014,11,709
1529615016,17,817
1529615017,12,819
1529615019,13,857
1529615021,16,791
1529615023,13,367
1529615024,11,615
1529615026,15,372
1529615027,14,323
1529615029,17,899
1529615030,7,202
1529615032,11,1000
1529615034,14,866
1529615036,17,753
1529615037,17,491
1529615039,11,805
1529615041,15,666
1529615042,17,744
1529615044,14,467
1529615045,12,422
1529615047,15,867
1529615049,11,393
1529615050,12,556
1529615052,13,713
1529615053,16,383
1529615055,7,366
1529615057,14,904
1529615058,7,567
1529615060,7,609
1529615062,11,870
1529615064,16,991
1529615065,12,533
1529615067,11,500
1529615068,16,342
1529615070,11,750
1529615072,14,860
1529615074,13,709
1529615075,7,418
1529615077,16,901
1529615079,17,969
1529615080,7,218
1529615082,15,775
1529615084,16,911
1529615086,7,485
1529615088,12,1012
1529615089,17,429
1529615091,7,632
1529615092,13,811
1529615095,13,1238
1529615097,17,898
1529615098,11,471
1529615100,13,471
1529615101,7,170
1529615102,14,585
1529615104,15,249
1529615105,13,615
1529615108,13,1291
1529615109,11,536
1529615111,15,989
1529615113,15,469
1529615115,13,723
1529615116,17,716
1529615118,13,468
1529615120,12,815
1529615121,13,546
1529615123,16,408
1529615124,13,420
1529615126,14,600
1529615127,12,412
1529615129,12,881
1529615130,12,275
1529615132,15,1010
1529615134,16,701
1529615135,12,207
1529615137,14,584
1529615138,7,366
1529615139,7,118
1529615141,11,501
1529615143,7,556
1529615144,7,269
1529615146,14,654
1529615148,11,1190
1529615149,15,705
1529615151,16,839
1529615153,7,172
1529615155,15,1007
1529615156,12,646
1529615157,15,248
1529615159,7,565
1529615160,7,385
1529615162,7,424
1529615164,11,852
1529615166,14,1392
1529615168,13,757
1529615170,16,765
1529615171,16,653
1529615173,13,668
1529615174,13,283
1529615177,17,1410
1529615178,11,453
1529615181,17,1453
1529615182,14,342
1529615184,17,955
1529615186,7,644
1529615188,16,966
1529615190,17,1037
1529615191,7,504
1529615193,11,622
1529615195,16,530
1529615196,15,728
1529615198,13,656
1529615200,13,425
1529615201,12,518
1529615203,14,666
1529615205,11,799
1529615207,15,933
1529615208,16,322
1529615209,11,529
1529615211,16,941
1529615213,13,316
1529615214,15,699
1529615217,11,1189
1529615218,12,531
1529615220,16,609
1529615222,16,1005
1529615224,15,1161
1529615226,15,553
1529615227,12,283
1529615229,16,815
1529615230,13,468
1529615232,7,412
1529615234,13,734
1529615235,13,723
1529615237,12,491
1529615238,7,664
1529615240,15,562
1529615242,16,830
1529615244,17,971
1529615246,16,816
1529615247,11,590
1529615249,7,508
1529615250,7,560
1529615252,11,421
1529615254,13,1466
1529615256,12,641
1529615257,7,425
1529615259,14,817
1529615261,17,538
1529615262,7,223
1529615264,12,887
1529615265,14,338
1529615268,12,1241
1529615269,16,366
1529615271,11,457
1529615272,13,313
1529615273,7,379
1529615275,12,792
1529615276,7,215
1529615278,15,645
1529615280,16,599
1529615281,11,684
1529615283,7,369
1529615285,13,1059
1529615286,11,503
1529615289,15,1196
1529615291,14,1085
1529615293,16,988
1529615294,15,568
1529615296,16,356
1529615297,12,442
1529615299,11,696
1529615301,14,629
1529615302,15,821
1529615304,7,189
1529615306,13,962
1529615308,16,1317
1529615310,17,1304
1529615312,12,678
1529615313,16,218
1529615315,15,508
1529615316,15,666
1529615318,11,692
1529615319,13,252
1529615321,7,396
1529615323,15,1111
1529615324,12,239
1529615326,11,756
1529615328,13,829
1529615329,7,165
1529615331,16,878
1529615333,17,576
1529615334,15,553
1529615336,14,1077
1529615338,14,547
1529615339,7,145
1529615340,7,434
1529615342,13,694
1529615344,11,778
1529615346,12,961
1529615347,7,370
1529615350,16,1307
1529615351,7,495
1529615353,13,813
1529615355,15,849
1529615356,7,166
1529615358,14,1054
1529615360,15,1294
1529615362,15,865
1529615364,15,607
1529615366,13,957
1529615368,16,738
1529615369,7,252
1529615371,14,1024
1529615373,13,722
1529615374,7,445
1529615376,11,780
1529615378,13,674
1529615380,13,1000
1529615381,11,510
1529615382,7,204
1529615384,15,515
1529615386,16,583
1529615387,17,672
1529615389,15,490
1529615391,16,1484
1529615393,13,771
1529615395,17,660
1529615396,7,589
1529615398,7,264
1529615399,16,546
1529615401,12,435
1529615402,11,451
1529615404,12,1005
1529615406,15,654
1529615408,11,1036
1529615409,11,464
1529615412,15,1216
1529615414,12,791
1529615415,17,903
1529615417,13,739
1529615419,11,587
1529615420,7,268
1529615422,15,906
1529615424,16,553
1529615425,15,817
1529615427,11,494
1529615429,13,537
1529615430,14,477
1529615432,14,564
1529615433,11,231
1529615435,12,889
1529615437,15,1246
1529615439,7,486
1529615440,14,609
1529615442,15,755
1529615444,15,647
1529615445,14,673
1529615447,12,915
1529615449,14,625
1529615451,16,558
1529615453,16,953
1529615454,7,505
1529615456,17,445
1529615457,17,344
1529615459,13,667
1529615460,11,759
1529615462,17,818
1529615464,16,720
1529615466,14,529
1529615468,12,985
1529615469,13,511
1529615471,12,675
1529615472,7,435
1529615474,16,1103
1529615476,14,423
1529615478,11,1056
1529615480,16,659
1529615481,7,482
1529615483,17,979
1529615485,14,773
1529615487,14,813
1529615488,11,452
1529615490,11,453
1529615492,17,1096
1529615493,7,176
1529615495,11,821
1529615497,12,804
1529615498,14,729
1529615500,16,558
1529615502,16,582
1529615503,12,487
1529615505,17,772
1529615506,7,469
1529615508,7,224
1529615510,15,886
1529615511,16,368
1529615513,15,804
1529615514,7,509
1529615516,13,429
1529615517,11,543
1529615519,13,578
1529615520,13,330
1529615522,7,610
1529615524,11,757
1529615525,11,234
1529615527,16,641
1529615528,14,722
1529615530,7,445
1529615531,7,214
1529615533,15,653
1529615534,12,644
1529615536,16,1074
1529615539,13,1154
1529615540,15,745
1529615542,12,465
1529615543,7,479
1529615545,13,376
1529615546,13,483
1529615548,14,567
1529615550,16,987
1529615552,15,756
1529615553,14,765
1529615555,7,283
1529615557,11,748
1529615558,13,573
1529615560,13,307
1529615561,7,269
1529615563,17,834
1529615564,13,677
1529615566,12,318
1529615567,16,767
1529615569,7,776
1529615571,16,512
1529615573,14,1034
1529615575,15,793
1529615577,13,927
1529615578,14,418
1529615579,7,196
1529615581,12,287
1529615582,7,213
1529615584,16,766
1529615585,15,879
1529615587,13,772
1529615589,14,798
1529615591,12,765
1529615592,16,514
1529615594,7,586
1529615595,7,147
1529615597,17,371
1529615599,17,978
1529615600,14,523
1529615602,14,779
1529615604,7,591
1529615605,12,728
1529615607,11,1080
1529615609,16,763
1529615611,17,868
1529615613,14,681
1529615614,7,92
1529615616,15,805
1529615617,12,384
1529615619,14,464
1529615620,16,677
1529615622,17,1011
1529615624,13,595
1529615625,11,336
1529615627,13,670
1529615629,15,498
1529615631,16,911
1529615632,12,599
1529615634,7,714
1529615636,16,999
1529615637,13,501
1529615639,11,408
1529615641,15,931
1529615642,13,583
1529615644,12,502
1529615646,11,601
1529615647,11,787
1529615650,15,1309
1529615652,13,847
1529615653,7,189
1529615654,11,553
1529615656,7,454
1529615658,15,1042
1529615659,7,340
1529615661,15,1263
1529615663,11,768
1529615665,17,953
1529615667,14,699
1529615669,7,821
1529615671,11,835
1529615673,14,1026
1529615674,13,585
1529615676,15,923
1529615678,17,815
1529615680,15,1042
1529615682,7,663
1529615683,7,200
1529615684,7,310
1529615686,17,611
1529615688,11,812
1529615690,17,1078
1529615692,14,522
1529615693,16,872
1529615695,15,565
1529615697,17,959
1529615699,14,752
1529615700,7,418
1529615702,7,316
1529615703,11,878
1529615705,11,233
1529615706,16,739
1529615708,15,480
1529615709,7,193
1529615711,16,571
1529615712,13,539
1529615714,15,795
1529615716,11,469
1529615717,14,611
1529615719,17,960
1529615721,17,1069
1529615723,17,373
1529615725,17,877
1529615727,14,917
1529615729,16,1075
1529615730,12,337
1529615732,13,1155
1529615734,11,739
1529615735,7,321
1529615737,15,1046
1529615740,16,1081
1529615741,17,711
1529615743,14,781
1529615745,7,594
1529615746,11,788
1529615748,13,418
1529615749,11,471
1529615751,16,985
1529615753,16,681
1529615755,13,402
1529615757,15,1078
1529615758,12,514
1529615760,7,399
1529615761,7,458
1529615762,7,211
1529615764,7,447
1529615765,16,340
1529615767,13,676
1529615769,15,707
1529615771,14,955
1529615772,12,668
1529615774,13,728
1529615776,14,680
1529615777,12,759
1529615779,7,491
1529615780,13,458
1529615783,15,1539
1529615784,7,444
1529615786,11,202
1529615787,15,450
1529615788,12,292
1529615790,15,647
1529615792,7,718
1529615794,12,599
1529615795,15,540
1529615796,12,390
1529615798,17,428
1529615799,14,525
1529615801,14,708
1529615803,17,696
1529615804,14,494
1529615806,15,717
1529615808,12,351
1529615809,16,695
1529615811,7,884
1529615813,7,406
1529615814,13,270
1529615815,17,423
1529615817,16,938
1529615819,15,795
1529615821,16,1047
1529615823,14,780
1529615825,17,635
1529615826,7,687
1529615828,7,520
1529615829,7,361
1529615831,7,488
1529615832,7,516
1529615833,7,77
1529615835,7,155
1529615837,17,1219
1529615838,12,353
1529615840,12,879
1529615841,7,136
1529615843,14,928
1529615845,13,691
1529615847,16,703
1529615849,7,966
1529615850,7,496
1529615852,16,714
1529615854,17,1489
1529615856,7,381
1529615858,13,681
1529615859,17,817
1529615862,13,1075
1529615863,7,644
1529615865,14,933
1529615867,13,677
1529615869,17,1196
1529615870,7,215
1529615872,17,426
1529615874,15,868
1529615876,14,934
1529615877,11,723
1529615879,16,926
1529615881,7,297
1529615882,15,677
1529615884,13,560
1529615885,7,393
1529615887,11,576
1529615889,12,705
1529615890,14,666
1529615892,15,651
1529615893,16,517
1529615895,13,369
1529615897,12,653
1529615898,17,553
1529615899,7,195
1529615901,13,496
1529615902,7,315
1529615904,16,829
1529615906,17,871
1529615908,12,919
1529615909,16,536
1529615911,13,756
1529615913,14,589
1529615915,14,1205
1529615917,7,643
1529615918,15,298
1529615920,15,805
1529615922,15,589
1529615923,7,209
1529615925,7,848
1529615927,15,1007
1529615928,7,524
1529615930,11,766
1529615932,15,700
1529615933,15,719
1529615935,11,508
1529615937,14,650
1529615939,17,856
1529615940,12,270
1529615941,7,228
1529615943,15,488
1529615944,7,657
1529615945,11,233
1529615947,12,874
1529615950,17,1141
1529615951,13,499
1529615953,15,593
1529615955,17,771
1529615957,17,1046
1529615958,16,529
1529615960,7,401
1529615962,15,1099
1529615963,7,717
1529615966,17,998
1529615967,15,818
1529615969,13,1004
1529615971,11,600
1529615973,17,721
1529615974,7,330
1529615975,13,280
1529615977,7,353
1529615978,14,669
1529615980,7,778
1529615982,17,601
1529615984,17,736
1529615986,15,1023
1529615987,7,535
1529615989,7,315
1529615990,14,647
1529615992,14,892
1529615994,14,867
1529615996,12,725
1529615999,13,1863
1529616000,17,465
1529616002,17,628
1529616003,11,588
1529616005,12,535
1529616007,13,505
1529616009,17,1100
1529616010,15,429
1529616012,7,429
1529616013,14,668
1529616015,13,709
1529616017,15,574
1529616019,11,1112
1529616020,15,643
1529616022,14,593
1529616023,7,242
1529616025,14,511
1529616026,7,547
1529616028,11,557
1529616030,15,960
1529616031,11,263
1529616033,16,771
1529616034,11,414
1529616036,7,234
1529616038,11,818
1529616039,7,436
1529616041,17,528
1529616042,11,321
1529616044,16,876
1529616045,11,458
1529616047,11,569
1529616048,17,420
1529616050,15,590
1529616052,12,718
1529616053,14,756
1529616055,13,864
1529616057,16,778
1529616059,11,977
1529616061,17,799
1529616063,13,677
1529616064,13,340
1529616066,7,966
1529616068,16,600
1529616069,12,626
1529616071,12,450
1529616072,15,656
1529616074,16,739
1529616076,12,550
1529616077,16,745
1529616079,7,838
1529616081,7,512
1529616082,15,386
1529616084,13,807
1529616086,16,641
1529616087,7,463
1529616089,7,437
1529616090,14,335
1529616092,11,697
1529616093,16,620
1529616095,13,957
1529616097,12,254
1529616098,13,622
1529616100,13,337
1529616101,11,483
1529616103,7,216
1529616104,7,489
1529616106,14,733
1529616107,7,444
1529616109,17,752
1529616110,7,421
1529616112,15,773
1529616114,12,364
1529616116,11,854
1529616117,7,680
1529616119,17,1120
1529616121,13,330
1529616122,7,517
1529616125,17,1433
1529616126,12,353
1529616127,7,188
1529616129,11,418
1529616130,13,354
1529616132,11,745
1529616134,7,626
1529616135,16,657
1529616137,15,641
1529616138,7,264
1529616139,7,202
1529616141,12,705
1529616143,17,1349
1529616145,15,926
1529616147,15,338
1529616149,7,937
1529616150,14,493
1529616152,17,964
1529616154,16,467
1529616155,13,447
1529616157,13,522
1529616158,13,498
1529616160,11,752
1529616162,15,1237
1529616164,17,519
1529616166,16,679
1529616167,13,305
1529616168,13,339
1529616170,16,1120
1529616172,12,859
1529616174,16,965
1529616176,16,282
1529616177,12,449
1529616179,14,614
1529616180,15,680
1529616182,17,888
1529616184,7,237
1529616185,17,806
1529616187,12,517
1529616189,16,804
1529616190,13,580
1529616192,12,930
1529616194,12,1032
1529616196,15,826
1529616198,16,946
1529616200,17,650
1529616202,15,1050
1529616204,11,737
1529616205,13,684
1529616207,13,891
1529616209,15,613
1529616210,7,225
1529616212,15,973
1529616214,15,358
1529616215,7,335
1529616217,13,832
1529616218,14,443
1529616220,11,489
1529616222,13,880
1529616223,7,668
1529616226,16,1295
1529616227,12,552
1529616229,7,406
1529616231,13,1357
1529616232,14,401
1529616234,7,456
1529616236,14,1120
1529616238,7,446
1529616239,16,612
1529616241,17,768
1529616243,15,623
1529616245,13,957
1529616246,11,706
1529616248,13,613
1529616250,13,1030
1529616252,12,834
1529616254,13,947
1529616256,17,1171
1529616258,17,999
1529616260,14,523
1529616261,11,627
1529616263,14,283
1529616264,13,893
1529616266,17,792
1529616268,16,670
1529616270,14,864
1529616272,13,812
1529616273,11,688
1529616275,15,633
1529616277,14,763
1529616279,16,788
1529616280,11,463
1529616282,15,622
1529616283,12,517
1529616285,11,795
1529616287,11,681
1529616288,13,513
1529616290,17,564
1529616293,17,1678
1529616295,11,1063
1529616296,11,591
1529616298,14,929
1529616300,16,755
1529616302,14,517
1529616303,11,537
1529616305,17,737
1529616307,13,1128
1529616309,14,953
1529616311,14,852
1529616313,7,663
1529616314,14,459
1529616316,16,631
1529616318,12,1236
1529616320,7,626
1529616321,7,260
1529616322,7,324
1529616324,13,715
1529616326,7,466
1529616328,14,1151
1529616329,17,705
1529616331,14,284
1529616333,17,1154
1529616335,16,1019
1529616336,7,273
1529616338,15,896
1529616340,14,780
1529616342,17,767
1529616344,11,777
1529616346,14,997
1529616347,16,915
1529616349,13,843
1529616351,11,497
1529616352,16,468
1529616354,15,439
1529616355,15,384
1529616357,12,748
1529616359,16,1106
1529616361,15,675
1529616363,17,661
1529616364,14,947
1529616366,14,731
1529616368,16,753
1529616370,12,531
1529616371,7,184
1529616372,12,624
1529616374,13,526
1529616376,7,757
1529616377,12,384
1529616378,7,176
1529616380,7,412
1529616382,14,780
1529616384,17,1653
1529616386,17,783
1529616388,12,693
1529616389,13,642
1529616391,7,816
1529616393,14,297
1529616394,14,400
1529616395,17,436
1529616397,12,220
1529616398,17,688
