timestamp,kw_lengh,took_ms
1520967680,7,404
1520967680,16,509
1520967681,16,524
1520967681,15,517
1520967682,14,596
1520967682,16,295
1520967683,15,463
1520967683,17,542
1520967684,16,238
1520967684,15,428
1520967684,13,347
1520967685,11,255
1520967685,11,223
1520967685,17,367
1520967686,13,262
1520967686,11,288
1520967686,16,397
1520967687,15,283
1520967687,16,474
1520967687,15,275
1520967688,11,548
1520967688,15,365
1520967689,15,447
1520967689,12,363
1520967689,7,205
1520967690,17,447
1520967690,13,510
1520967691,11,500
1520967691,16,395
1520967692,17,212
1520967692,11,255
1520967692,15,384
1520967693,16,655
1520967693,14,499
1520967694,13,154
1520967694,14,250
1520967694,11,212
1520967694,7,91
1520967694,12,330
1520967695,15,768
1520967696,16,637
1520967696,14,468
1520967697,13,159
1520967697,16,450
1520967697,16,359
1520967698,17,379
1520967698,14,422
1520967699,7,293
1520967699,7,146
1520967699,14,365
1520967699,12,392
1520967700,17,200
1520967700,17,463
1520967700,12,142
1520967701,14,303
1520967701,12,363
1520967701,11,263
1520967702,16,450
1520967702,12,460
1520967702,14,233
1520967703,16,401
1520967703,13,468
1520967704,16,641
1520967705,17,534
1520967705,17,518
1520967706,15,446
1520967706,7,326
1520967706,15,474
1520967707,12,255
1520967707,16,680
1520967708,12,411
1520967708,13,192
1520967708,16,428
1520967709,7,345
1520967709,7,117
1520967709,15,374
1520967710,15,341
1520967710,13,258
1520967710,11,252
1520967711,15,598
1520967712,13,747
1520967712,17,617
1520967713,16,389
1520967713,14,370
1520967713,13,271
1520967714,14,521
1520967714,15,225
1520967714,13,370
1520967715,14,444
1520967715,13,400
1520967716,14,332
1520967716,15,288
1520967716,13,371
1520967716,7,72
1520967717,15,301
1520967717,15,292
1520967717,15,360
1520967718,11,218
1520967718,12,297
1520967718,16,442
1520967719,11,369
1520967719,17,411
1520967720,13,531
1520967720,17,600
1520967721,12,216
1520967721,15,681
1520967722,17,420
1520967722,13,300
1520967723,17,512
1520967723,7,103
1520967723,15,348
1520967724,12,526
1520967724,11,222
1520967724,13,290
1520967725,14,523
1520967725,17,411
1520967725,15,210
1520967726,11,177
1520967726,12,346
1520967726,16,290
1520967726,14,239
1520967727,15,615
1520967728,17,514
1520967728,12,437
1520967728,13,139
1520967728,14,270
1520967729,14,327
1520967729,7,224
1520967730,12,519
1520967730,13,361
1520967730,17,236
1520967731,11,402
1520967731,17,518
1520967732,15,426
1520967732,15,304
1520967732,13,405
1520967733,11,262
1520967733,15,460
1520967733,11,160
1520967733,7,109
1520967734,7,213
1520967734,7,209
1520967734,15,383
1520967734,12,144
1520967735,12,240
1520967735,13,425
1520967736,12,383
1520967736,11,326
1520967736,14,528
1520967737,7,172
1520967737,16,387
1520967737,16,356
1520967738,7,350
1520967738,11,376
1520967738,7,91
1520967739,7,440
1520967739,16,542
1520967740,15,404
1520967740,15,365
1520967741,14,411
1520967741,12,156
1520967741,11,384
1520967741,13,304
1520967742,11,227
1520967742,14,355
1520967743,15,697
1520967743,7,110
1520967743,7,103
1520967743,12,296
1520967744,17,406
1520967744,7,239
1520967744,16,487
1520967745,12,240
1520967745,11,305
1520967745,14,212
1520967746,14,278
1520967746,17,250
1520967746,13,262
1520967746,11,172
1520967747,17,536
1520967747,14,402
1520967747,13,219
1520967748,17,553
1520967748,15,331
1520967749,13,430
1520967749,15,600
1520967750,14,163
1520967750,16,487
1520967750,11,182
1520967751,11,191
1520967751,17,595
1520967752,12,389
1520967752,17,572
1520967753,14,351
1520967753,11,256
1520967753,17,333
1520967753,12,292
1520967754,12,194
1520967754,13,328
1520967754,14,438
1520967755,15,160
1520967755,14,496
1520967755,7,221
1520967756,16,266
1520967756,13,640
1520967757,16,526
1520967757,15,273
1520967757,16,141
1520967758,13,374
1520967758,15,244
1520967758,14,335
1520967758,7,229
1520967759,17,578
1520967759,7,242
1520967760,14,376
1520967760,13,374
1520967761,13,400
1520967761,13,586
1520967762,14,423
1520967762,17,514
1520967762,7,193
1520967763,7,431
1520967763,16,648
1520967764,17,612
1520967765,17,506
1520967765,12,468
1520967765,14,457
1520967766,16,477
1520967766,7,243
1520967767,13,506
1520967767,17,485
1520967768,13,279
1520967768,11,381
1520967768,7,98
1520967768,13,401
1520967769,7,135
1520967769,16,583
1520967770,15,418
1520967770,12,415
1520967770,11,311
1520967771,7,261
1520967771,16,240
1520967772,15,643
1520967772,13,258
1520967772,17,636
1520967773,7,148
1520967773,15,212
1520967773,12,371
1520967774,17,471
1520967774,17,341
1520967775,11,631
1520967775,15,396
1520967776,13,452
1520967776,17,253
1520967776,14,380
1520967777,15,464
1520967777,11,491
1520967778,12,381
1520967778,7,109
1520967778,15,280
1520967779,14,571
1520967779,14,550
1520967780,16,413
1520967780,12,540
1520967781,12,430
1520967781,7,80
1520967781,11,292
1520967781,7,125
1520967782,15,518
1520967782,14,425
1520967782,7,271
1520967783,16,297
1520967783,16,233
1520967783,17,409
1520967784,7,199
1520967784,14,592
1520967785,13,389
1520967785,13,258
1520967785,11,273
1520967786,16,461
1520967786,7,165
1520967786,16,329
1520967787,16,371
1520967788,17,895
1520967788,7,143
1520967788,11,266
1520967788,15,192
1520967789,14,490
1520967789,17,512
1520967789,7,94
1520967790,11,305
1520967790,14,456
1520967790,14,179
1520967791,14,353
1520967791,13,589
1520967792,16,466
1520967792,7,404
1520967793,12,419
1520967793,15,396
1520967793,11,193
1520967794,7,342
1520967794,11,275
1520967794,11,202
1520967794,7,185
1520967795,12,266
1520967795,15,371
1520967795,14,390
1520967795,7,99
1520967796,11,461
1520967796,7,240
1520967797,15,528
1520967797,12,313
1520967798,12,524
1520967798,7,428
1520967799,17,477
1520967799,16,442
1520967799,13,291
1520967799,13,188
1520967800,17,460
1520967800,15,536
1520967801,13,223
1520967801,12,153
1520967801,16,500
1520967802,13,541
1520967802,14,266
1520967803,13,471
1520967803,17,474
1520967804,13,606
1520967804,14,519
1520967805,17,384
1520967805,7,224
1520967805,7,441
1520967806,14,307
1520967806,17,303
1520967806,12,227
1520967807,16,612
1520967807,16,376
1520967808,14,848
1520967808,7,83
1520967809,12,403
1520967809,7,466
1520967810,14,702
1520967810,16,352
1520967811,17,495
1520967811,17,491
1520967812,17,358
1520967812,14,339
1520967813,14,627
1520967813,14,191
1520967813,11,331
1520967813,12,217
1520967814,17,489
1520967814,7,360
1520967815,14,297
1520967815,12,495
1520967816,13,345
1520967816,16,389
1520967816,12,228
1520967817,11,661
1520967817,15,244
1520967818,16,478
1520967818,16,309
1520967818,13,344
1520967819,11,356
1520967819,16,418
1520967820,14,470
1520967820,17,811
1520967821,7,228
1520967821,14,440
1520967821,13,363
1520967822,11,262
1520967822,11,290
1520967822,16,451
1520967823,15,178
1520967823,7,93
1520967823,7,204
1520967823,14,412
1520967824,13,379
1520967824,17,340
1520967825,17,539
1520967825,16,162
1520967825,7,183
1520967826,13,484
1520967826,13,394
1520967826,7,128
1520967826,12,184
1520967827,14,352
1520967827,14,265
1520967827,14,443
1520967828,7,62
1520967828,7,331
1520967828,12,260
1520967829,16,411
1520967829,13,457
1520967829,14,408
1520967830,15,295
1520967830,11,417
1520967831,12,254
1520967831,15,420
1520967831,12,367
1520967832,16,544
1520967833,12,607
1520967833,13,399
1520967833,14,339
1520967834,7,227
1520967834,14,240
1520967834,12,192
1520967835,15,525
1520967835,7,238
1520967835,7,268
1520967835,13,296
1520967836,14,209
1520967836,11,244
1520967836,7,317
1520967836,15,298
1520967837,16,323
1520967837,14,179
1520967837,15,208
1520967838,11,332
1520967838,14,386
1520967838,14,264
1520967839,17,197
1520967839,11,312
1520967839,11,284
1520967839,12,246
1520967840,16,547
1520967841,17,570
1520967841,15,514
1520967841,16,318
1520967842,13,287
1520967842,7,220
1520967842,7,237
1520967843,11,395
1520967843,17,287
1520967843,12,184
1520967844,15,733
1520967844,13,307
1520967844,7,168
1520967845,14,459
1520967845,16,377
1520967846,15,462
1520967846,15,177
1520967846,14,467
1520967847,13,322
1520967847,12,533
1520967848,15,349
1520967848,7,536
1520967849,16,428
1520967849,11,160
1520967849,13,505
1520967850,13,622
1520967850,7,161
1520967850,7,197
1520967851,14,498
1520967851,12,139
1520967851,13,372
1520967852,15,511
1520967852,12,407
1520967853,11,385
1520967853,14,369
1520967854,13,579
1520967854,12,409
1520967854,7,56
1520967854,17,166
1520967855,16,418
1520967855,7,91
1520967855,13,284
1520967855,11,241
1520967856,15,328
1520967856,14,431
1520967857,14,374
1520967857,7,124
1520967857,16,381
1520967858,16,650
1520967858,11,290
1520967859,13,507
1520967859,14,171
1520967859,12,182
1520967859,16,381
1520967860,7,209
1520967860,16,237
1520967860,15,429
1520967861,12,130
1520967861,16,325
1520967861,17,396
1520967861,7,159
1520967862,13,306
1520967862,15,411
1520967863,15,375
1520967863,11,361
1520967863,15,472
1520967864,12,152
1520967864,16,256
1520967864,17,501
1520967865,14,840
1520967866,12,463
1520967866,15,405
1520967867,13,365
1520967867,15,212
1520967867,13,249
1520967868,13,366
1520967868,11,177
1520967868,12,286
1520967868,14,330
1520967869,14,547
1520967869,11,214
1520967869,12,246
1520967870,15,553
1520967871,11,716
1520967871,11,414
1520967871,7,237
1520967872,12,324
1520967872,15,300
1520967873,12,550
1520967873,12,295
1520967873,7,196
1520967873,13,337
1520967874,12,391
1520967874,7,73
1520967874,16,461
1520967875,7,284
1520967875,12,424
1520967875,12,168
1520967876,12,459
1520967876,11,370
1520967877,15,392
1520967877,7,294
1520967877,14,481
1520967878,17,625
1520967878,13,200
1520967879,15,364
1520967879,7,78
1520967879,11,117
1520967879,17,496
1520967880,7,440
1520967880,7,212
1520967880,7,56
1520967880,17,333
1520967881,12,259
1520967881,14,297
1520967881,15,222
1520967881,11,157
1520967882,11,153
1520967882,12,507
1520967883,15,447
1520967883,13,234
1520967883,12,329
1520967883,13,258
1520967884,11,281
1520967884,16,242
1520967884,13,361
1520967885,7,193
1520967885,17,388
1520967885,7,246
1520967885,7,248
1520967886,13,414
1520967887,14,688
1520967887,7,302
1520967887,12,475
1520967888,11,361
1520967888,13,452
1520967889,17,458
1520967889,15,398
1520967889,16,274
1520967890,7,592
1520967890,16,342
1520967891,16,380
1520967891,15,570
1520967892,17,641
1520967892,17,310
1520967893,7,321
1520967893,11,165
1520967893,14,291
1520967894,15,500
1520967894,12,291
1520967894,7,181
1520967894,14,200
1520967895,17,400
1520967895,11,230
1520967896,16,574
1520967896,12,257
1520967896,11,229
1520967897,16,372
1520967897,7,107
1520967897,14,244
1520967897,7,165
1520967898,14,538
1520967898,13,467
1520967899,15,422
1520967899,17,447
1520967899,13,294
1520967900,15,251
1520967900,16,466
1520967900,12,265
1520967901,16,339
1520967901,15,657
1520967902,14,560
1520967902,16,416
1520967903,17,290
1520967903,14,412
1520967904,7,374
1520967904,7,409
1520967904,7,189
1520967904,11,238
1520967905,17,271
1520967905,12,494
1520967905,7,79
1520967906,13,258
1520967906,11,384
1520967907,17,653
1520967907,11,473
1520967907,16,361
1520967908,15,445
1520967908,14,480
1520967909,11,534
1520967910,14,597
1520967910,17,741
1520967911,12,411
1520967911,13,279
1520967912,15,390
1520967912,12,262
1520967912,7,215
1520967913,15,733
1520967913,11,404
1520967913,7,131
1520967914,13,258
1520967914,17,464
1520967914,11,350
1520967915,7,124
1520967915,12,273
1520967915,12,120
1520967915,16,320
1520967916,15,468
1520967916,14,265
1520967917,17,571
1520967917,14,554
1520967917,12,230
1520967918,12,286
1520967918,17,440
1520967918,7,199
1520967919,13,408
1520967919,16,529
1520967919,7,64
1520967920,12,120
1520967920,13,544
1520967921,14,380
1520967921,7,383
1520967921,12,171
1520967921,7,257
1520967922,7,136
1520967922,12,480
1520967922,7,360
1520967923,16,479
1520967923,12,422
1520967924,14,181
1520967924,14,521
1520967924,15,208
1520967925,11,401
1520967925,12,506
1520967926,11,283
1520967926,16,232
1520967926,12,248
1520967926,16,419
1520967927,14,429
1520967927,13,194
1520967927,11,112
1520967928,11,394
1520967928,7,300
1520967928,15,385
1520967929,16,765
1520967929,13,364
1520967930,14,353
1520967930,7,207
1520967930,12,390
1520967931,13,528
1520967931,11,386
1520967932,12,267
1520967932,7,137
1520967932,7,376
1520967933,11,534
1520967933,15,382
1520967933,13,269
1520967934,16,290
1520967934,16,338
1520967934,11,153
1520967935,12,634
1520967935,14,421
1520967936,16,381
1520967936,7,156
1520967936,16,322
1520967937,12,284
1520967937,11,256
1520967937,11,513
1520967938,17,485
1520967938,16,419
1520967939,11,236
1520967939,17,340
1520967939,15,260
1520967940,11,378
1520967940,12,199
1520967940,17,362
1520967940,15,288
1520967941,15,476
1520967941,16,368
1520967942,13,460
1520967942,16,289
1520967942,12,149
1520967943,14,272
1520967943,15,443
1520967943,7,206
1520967944,14,377
1520967944,17,274
1520967944,13,181
1520967944,17,213
1520967945,12,203
1520967945,15,345
1520967945,13,523
1520967946,14,359
1520967946,17,214
1520967946,12,294
1520967947,14,260
1520967947,7,98
1520967947,13,450
1520967948,13,554
1520967948,12,143
1520967948,11,304
1520967948,13,169
1520967949,13,395
1520967949,13,359
1520967949,7,164
1520967950,7,248
1520967950,7,314
1520967950,17,230
1520967951,14,399
1520967951,12,143
1520967952,15,751
1520967952,7,211
1520967952,17,581
1520967953,13,367
1520967953,7,227
1520967953,7,312
1520967953,7,108
1520967954,11,304
1520967954,16,594
1520967955,14,540
1520967955,17,169
1520967955,15,309
1520967956,17,555
1520967956,15,551
1520967957,13,238
1520967957,13,290
1520967957,7,142
1520967957,14,207
1520967958,13,392
1520967958,14,362
1520967958,7,291
1520967959,14,270
1520967959,14,355
1520967960,14,455
1520967960,12,448
1520967960,12,280
1520967960,7,122
1520967961,7,69
1520967961,7,191
1520967961,17,507
1520967962,13,521
1520967962,7,127
1520967962,14,328
1520967963,12,569
1520967963,17,454
1520967964,17,694
1520967965,16,528
1520967965,17,588
1520967966,16,392
1520967966,14,327
1520967966,17,288
1520967967,15,300
1520967967,16,469
1520967967,13,227
1520967968,13,436
1520967968,14,369
1520967968,17,362
1520967969,11,245
1520967969,12,426
1520967970,7,373
1520967970,11,521
1520967971,15,549
1520967971,16,467
1520967971,15,278
1520967972,7,467
1520967972,11,385
1520967973,7,209
1520967973,7,135
1520967973,7,256
1520967973,16,439
1520967974,17,397
1520967974,7,100
1520967974,13,564
1520967975,14,205
1520967975,13,433
1520967975,17,256
1520967976,11,466
1520967976,12,186
1520967976,12,198
1520967976,7,68
1520967977,7,184
1520967977,15,406
1520967977,13,254
1520967978,15,372
1520967978,12,195
1520967978,17,376
1520967979,14,389
1520967979,14,416
1520967980,16,449
1520967980,7,100
1520967980,13,333
1520967981,17,531
1520967981,14,381
1520967981,15,226
1520967982,14,338
1520967982,12,332
1520967982,16,499
1520967983,7,415
1520967983,7,128
1520967983,12,239
1520967983,15,166
1520967984,17,499
1520967984,7,194
1520967984,13,198
1520967985,16,703
1520967985,7,373
1520967986,7,255
1520967986,7,235
1520967987,13,518
1520967987,13,145
1520967987,7,212
1520967987,12,357
1520967988,14,260
1520967988,16,578
1520967989,14,478
1520967989,16,423
1520967990,13,557
1520967990,14,435
1520967991,16,593
1520967991,15,503
1520967991,12,191
1520967992,11,495
1520967992,14,460
1520967993,16,501
1520967993,12,166
1520967994,12,641
1520967994,17,490
1520967995,14,429
1520967995,16,456
1520967996,13,655
1520967996,14,285
1520967997,16,405
1520967997,14,163
1520967997,17,592
1520967998,12,354
1520967998,13,250
1520967999,14,565
1520967999,7,267
1520967999,15,150
1520967999,13,411
1520968000,11,275
1520968000,11,555
1520968001,7,531
1520968001,13,277
1520968002,14,650
1520968002,7,75
1520968002,11,185
1520968002,7,102
1520968003,13,406
1520968003,15,394
1520968004,15,689
1520968004,17,423
1520968004,15,324
1520968005,16,376
1520968005,7,234
1520968005,16,336
1520968006,14,323
1520968006,15,581
1520968007,7,321
1520968007,13,388
1520968007,12,232
1520968008,13,189
1520968008,7,206
1520968008,17,650
1520968009,11,369
1520968009,11,123
1520968010,17,650
1520968010,12,434
1520968011,16,422
1520968011,14,162
1520968011,11,264
1520968011,7,482
1520968012,16,457
1520968012,7,188
1520968013,16,400
1520968013,7,81
1520968013,11,542
1520968014,11,284
1520968014,16,215
1520968014,11,201
1520968014,11,263
1520968015,13,413
1520968015,13,313
1520968015,11,442
1520968016,15,296
1520968016,12,229
1520968017,12,606
1520968017,13,489
1520968017,15,308
1520968018,13,200
1520968018,14,444
1520968019,15,365
1520968019,16,632
1520968019,16,301
1520968020,7,192
1520968020,7,519
1520968021,13,526
1520968021,11,184
1520968021,11,402
1520968022,13,455
1520968022,12,398
1520968023,14,279
1520968023,12,622
1520968024,11,359
1520968024,17,351
1520968024,14,438
1520968025,14,280
1520968025,13,539
1520968026,15,504
1520968026,7,392
1520968027,15,533
1520968027,15,219
1520968027,14,447
1520968028,14,150
1520968028,16,283
1520968028,17,446
1520968028,12,150
1520968029,7,162
1520968029,12,182
1520968029,14,388
1520968030,11,307
1520968030,14,365
1520968030,16,307
1520968031,17,651
1520968031,12,245
1520968032,16,443
1520968032,15,250
1520968032,11,361
1520968033,16,425
1520968033,11,119
1520968033,11,286
1520968033,7,179
1520968034,7,274
1520968034,11,376
1520968035,17,863
1520968035,11,236
1520968036,13,375
1520968036,14,241
1520968036,12,243
1520968036,16,375
1520968037,14,367
1520968037,11,165
1520968037,11,356
1520968038,14,192
1520968038,14,484
1520968038,16,333
1520968039,15,538
1520968039,14,311
1520968040,12,453
1520968040,13,211
1520968040,15,412
1520968041,14,476
1520968041,17,576
1520968042,17,198
1520968042,14,381
1520968043,17,418
1520968043,7,139
1520968043,12,258
1520968043,12,348
1520968044,15,559
1520968044,17,222
1520968044,7,253
1520968045,14,616
1520968045,14,400
1520968046,12,431
1520968046,7,237
1520968046,7,182
1520968047,12,552
1520968047,7,170
1520968047,14,225
1520968048,15,471
1520968048,12,547
1520968049,16,682
1520968049,7,175
1520968050,11,496
1520968050,16,527
1520968051,13,452
1520968051,7,91
1520968051,11,331
1520968052,15,368
1520968052,16,354
1520968053,16,629
1520968053,16,393
1520968054,15,760
1520968054,7,192
1520968054,15,252
1520968055,11,522
1520968055,7,253
1520968055,7,179
1520968056,7,241
1520968056,15,449
1520968056,7,81
1520968056,12,206
1520968057,11,484
1520968057,16,543
1520968058,14,621
1520968058,16,436
1520968059,16,651
1520968060,15,483
1520968060,13,636
1520968061,13,569
1520968061,7,222
1520968061,14,211
1520968061,7,123
1520968062,15,379
1520968062,15,223
1520968062,12,367
1520968063,12,456
1520968063,13,439
1520968064,11,423
1520968064,11,382
1520968064,12,293
1520968065,12,241
1520968065,14,358
1520968066,13,410
1520968066,16,284
1520968067,15,717
1520968067,14,178
1520968067,7,118
1520968068,17,709
1520968068,12,231
1520968068,17,270
1520968069,17,665
1520968069,15,158
1520968069,11,220
1520968070,14,369
1520968070,7,144
1520968070,17,367
1520968070,15,227
1520968071,7,238
1520968071,7,407
1520968071,12,409
1520968072,12,215
1520968072,16,576
1520968073,7,190
1520968073,13,453
1520968073,13,445
1520968074,15,273
1520968074,15,280
1520968074,15,458
1520968075,16,466
1520968075,7,298
1520968076,7,483
1520968076,11,285
1520968076,17,371
1520968077,7,112
1520968077,15,540
1520968077,7,77
1520968078,16,466
1520968078,12,351
1520968079,17,486
1520968079,17,511
1520968080,11,452
1520968080,16,505
1520968081,13,367
1520968081,14,625
1520968081,13,277
1520968082,7,200
1520968082,17,698
1520968082,7,69
1520968083,16,617
1520968083,12,353
1520968084,14,396
1520968084,17,408
1520968085,7,263
1520968085,15,503
1520968085,11,302
1520968086,15,362
1520968086,16,174
1520968086,11,250
1520968086,7,139
1520968087,15,382
1520968087,17,418
1520968088,14,548
1520968088,16,419
1520968089,15,473
1520968089,7,289
1520968090,17,522
1520968090,16,393
1520968091,11,598
1520968091,7,129
1520968091,15,376
1520968091,7,102
1520968092,17,570
1520968092,11,268
1520968092,11,246
1520968093,17,325
1520968093,7,128
1520968093,15,442
1520968094,7,272
1520968094,16,660
1520968094,7,90
1520968095,16,248
1520968095,12,559
1520968096,11,458
1520968097,16,963
1520968097,16,582
1520968097,12,262
1520968098,13,485
1520968098,16,473
1520968099,17,478
1520968099,14,368
1520968100,16,364
1520968100,13,434
1520968101,17,389
1520968101,15,219
1520968101,11,215
1520968101,13,304
1520968102,7,379
1520968102,17,503
1520968102,7,111
1520968103,17,456
1520968103,16,356
1520968103,14,270
1520968104,12,260
1520968104,11,383
1520968104,7,161
1520968105,13,279
1520968105,13,289
1520968105,14,262
1520968106,15,651
1520968106,11,465
1520968107,14,316
1520968107,14,200
1520968107,16,502
1520968108,13,302
1520968108,15,561
1520968108,7,86
1520968109,11,339
1520968109,15,276
1520968109,17,445
1520968110,11,229
1520968110,17,395
1520968110,14,278
1520968111,7,125
1520968111,15,377
1520968111,16,370
1520968112,16,972
1520968113,17,191
1520968113,15,511
1520968114,11,521
1520968114,14,162
1520968114,16,582
1520968115,16,409
1520968115,16,355
1520968115,15,257
1520968116,13,393
1520968116,7,276
1520968116,15,232
1520968117,16,335
1520968117,16,389
1520968118,13,413
1520968118,11,500
1520968118,11,161
1520968119,14,478
1520968119,17,501
1520968120,14,424
1520968120,14,307
1520968120,7,82
1520968120,11,141
1520968121,15,593
1520968121,14,362
1520968122,13,504
1520968122,7,161
1520968122,13,292
1520968122,11,118
1520968123,11,623
1520968123,13,206
1520968124,12,322
1520968124,14,526
1520968125,12,559
1520968125,17,431
1520968126,17,560
1520968126,16,503
1520968127,15,260
1520968127,12,513
1520968127,12,90
1520968127,7,158
1520968128,13,483
1520968128,16,461
1520968129,16,365
1520968129,16,694
1520968130,16,997
1520968131,13,244
1520968131,15,282
1520968131,17,428
1520968132,17,243
1520968132,14,238
1520968132,15,415
1520968133,12,163
1520968133,13,510
1520968134,13,585
1520968134,11,271
1520968134,14,303
1520968134,13,234
1520968135,13,203
1520968135,17,303
1520968136,17,506
1520968136,15,681
1520968136,17,178
1520968137,14,446
1520968137,11,524
1520968138,7,257
1520968138,15,412
1520968139,14,461
1520968139,13,430
1520968139,17,401
1520968140,14,415
1520968140,17,542
1520968141,16,579
1520968141,7,313
1520968142,11,309
1520968142,14,392
1520968142,14,246
1520968143,11,208
1520968143,11,263
1520968144,14,676
1520968144,17,452
1520968144,7,392
1520968145,7,169
1520968145,17,477
1520968146,11,413
1520968146,17,560
1520968146,13,193
1520968147,12,337
1520968147,17,513
1520968148,13,366
1520968148,14,542
1520968148,17,309
1520968149,17,549
1520968149,7,196
1520968150,15,433
1520968150,16,622
1520968151,12,528
1520968151,16,203
1520968152,14,531
1520968152,15,323
1520968152,13,495
1520968153,14,531
1520968153,7,100
1520968153,14,136
1520968154,7,300
1520968154,15,573
1520968154,12,261
1520968155,13,557
1520968155,7,84
1520968156,16,520
1520968156,15,450
1520968157,16,648
1520968157,13,207
1520968157,15,292
1520968158,15,607
1520968158,13,331
1520968158,7,174
1520968159,17,392
1520968159,16,477
1520968160,15,395
1520968160,7,83
1520968160,7,294
1520968160,12,283
1520968161,7,287
1520968161,16,191
1520968161,12,316
1520968162,13,397
1520968162,11,220
1520968162,15,238
1520968163,11,476
1520968163,14,508
1520968164,7,367
1520968164,16,222
1520968164,11,316
1520968165,7,482
1520968165,14,146
1520968165,11,206
1520968165,15,388
1520968166,11,281
1520968166,15,409
1520968167,11,464
1520968167,13,326
1520968167,14,304
1520968168,7,462
1520968168,17,555
1520968169,16,412
1520968169,17,316
1520968169,13,323
1520968170,11,296
1520968170,12,291
1520968171,16,550
1520968171,16,385
1520968172,17,654
1520968172,7,248
1520968172,7,292
1520968173,17,332
1520968173,11,294
1520968173,15,359
1520968174,12,331
1520968174,11,361
1520968174,16,372
1520968175,15,335
1520968175,15,301
1520968176,12,455
1520968176,17,550
1520968177,16,486
1520968177,17,327
1520968177,13,488
1520968178,16,842
1520968179,11,297
1520968179,12,374
1520968179,11,271
1520968180,16,461
1520968180,7,143
1520968180,7,119
1520968180,13,393
1520968181,7,171
1520968181,7,225
1520968181,14,530
1520968182,13,386
1520968182,11,464
1520968182,12,177
1520968183,12,390
1520968183,14,390
1520968184,11,328
1520968184,16,735
1520968185,11,427
1520968185,14,499
1520968186,16,300
1520968186,15,296
1520968186,13,217
1520968186,7,228
1520968187,13,369
1520968187,15,184
1520968187,16,451
1520968188,7,90
1520968188,15,575
1520968188,13,148
1520968188,7,68
1520968189,13,170
1520968189,16,234
1520968189,16,271
1520968190,17,270
1520968190,15,380
1520968190,14,405
1520968190,14,115
1520968191,7,285
1520968191,17,416
1520968192,16,492
1520968192,16,306
1520968192,12,388
1520968193,12,388
1520968193,13,412
1520968193,7,114
1520968194,12,397
1520968194,17,428
1520968195,17,429
1520968195,13,393
1520968195,11,124
1520968195,13,217
1520968196,14,435
1520968196,17,538
1520968197,14,268
1520968197,11,108
1520968197,14,533
1520968198,15,452
1520968198,15,431
1520968199,16,401
1520968199,7,319
1520968199,13,280
1520968200,13,286
1520968200,11,431
1520968201,16,504
1520968201,7,405
1520968201,7,150
1520968202,17,488
1520968202,14,425
1520968202,11,231
1520968203,17,344
1520968203,11,253
1520968203,13,408
1520968204,16,230
1520968204,14,443
1520968204,7,60
1520968204,16,137
1520968205,11,378
1520968205,7,112
1520968205,7,118
1520968205,16,461
1520968206,16,434
1520968206,16,558
1520968207,15,535
1520968207,16,265
1520968208,11,441
1520968208,15,360
1520968208,7,246
1520968209,14,423
1520968209,16,435
1520968209,7,112
1520968210,15,516
1520968210,12,287
1520968211,12,465
1520968211,12,366
1520968212,17,503
1520968212,12,363
1520968212,15,243
1520968213,12,364
1520968213,16,612
1520968214,11,306
1520968214,11,324
1520968214,7,184
1520968215,11,482
1520968215,7,265
1520968215,16,276
1520968216,16,307
1520968216,17,520
1520968216,15,335
1520968217,11,478
1520968217,13,533
1520968218,12,418
1520968218,14,384
1520968219,17,394
1520968219,7,92
1520968219,7,243
1520968219,12,389
1520968220,11,280
1520968220,12,370
1520968220,12,216
1520968221,16,491
1520968221,13,447
1520968222,17,357
1520968222,16,716
1520968223,11,517
1520968223,7,70
1520968223,7,195
1520968224,12,373
1520968224,11,271
1520968224,13,219
1520968224,7,78
1520968225,17,681
1520968225,14,353
1520968226,7,156
1520968226,12,476
1520968226,12,384
1520968227,7,99
1520968227,14,783
1520968228,17,446
1520968228,13,288
1520968229,16,584
1520968229,7,238
1520968229,11,372
1520968230,14,430
1520968230,12,402
1520968230,15,255
1520968231,15,523
1520968231,15,301
1520968232,14,550
1520968233,16,626
1520968233,13,560
1520968234,14,512
1520968234,16,401
1520968234,13,179
1520968235,14,273
1520968235,15,508
1520968236,16,488
1520968236,17,389
1520968236,17,476
1520968237,17,426
1520968237,11,281
1520968237,13,242
1520968238,17,466
1520968238,7,150
1520968238,11,291
1520968239,14,356
1520968239,13,295
1520968239,7,374
1520968240,11,124
1520968240,14,462
1520968240,14,304
1520968241,7,503
1520968242,17,792
1520968242,17,491
1520968243,11,436
1520968243,11,575
1520968244,15,270
1520968244,11,367
1520968244,14,443
1520968245,13,333
1520968245,7,375
1520968246,15,527
1520968246,7,61
1520968246,11,141
1520968246,14,450
1520968247,15,337
1520968247,17,479
1520968248,16,439
1520968248,11,285
1520968248,7,112
1520968249,13,454
1520968249,13,428
1520968249,12,425
1520968250,15,400
1520968250,11,226
1520968250,15,287
1520968251,13,426
1520968251,12,176
1520968252,16,513
1520968252,15,311
1520968252,7,105
1520968252,7,85
1520968253,7,489
1520968253,17,301
1520968253,15,562
1520968254,12,360
1520968254,16,308
1520968255,12,511
1520968255,13,397
1520968256,16,858
1520968256,11,308
1520968257,7,221
1520968257,13,208
1520968257,14,397
1520968257,7,130
1520968258,12,374
1520968258,11,533
1520968259,14,282
1520968259,17,595
1520968259,15,346
1520968260,16,170
1520968260,17,458
1520968260,7,103
1520968261,7,279
1520968261,12,185
1520968261,7,328
1520968262,12,476
1520968262,7,161
1520968262,7,310
1520968262,14,195
1520968262,7,177
1520968263,7,478
1520968263,7,119
1520968264,12,518
1520968264,16,538
1520968265,15,642
1520968265,13,488
1520968266,15,417
1520968266,15,427
1520968267,14,391
1520968267,14,469
1520968267,7,225
1520968268,14,515
1520968268,16,268
1520968269,13,443
1520968269,12,101
1520968269,17,397
1520968270,13,693
1520968270,11,246
1520968270,14,301
1520968271,15,397
1520968271,7,480
1520968272,12,250
1520968272,16,331
1520968272,15,400
1520968272,7,69
1520968273,7,94
1520968273,17,547
1520968273,16,362
1520968274,13,145
1520968274,13,799
1520968275,12,239
1520968275,12,299
1520968275,7,218
1520968275,14,210
1520968276,15,665
1520968276,16,213
1520968277,13,181
1520968277,16,523
1520968278,15,403
1520968278,17,545
1520968278,7,95
1520968279,11,335
1520968279,14,152
1520968279,7,183
1520968279,15,269
1520968280,12,704
1520968281,13,726
1520968281,7,147
1520968281,14,464
1520968282,13,419
1520968282,14,472
1520968283,17,391
1520968283,7,282
1520968283,16,409
1520968284,14,372
1520968284,13,322
1520968284,7,289
1520968285,13,512
1520968285,16,585
1520968286,15,526
1520968287,16,618
1520968287,17,710
1520968288,12,390
1520968288,15,344
1520968289,17,425
1520968289,7,203
1520968289,14,286
1520968289,17,279
1520968290,17,457
1520968290,7,193
1520968290,11,278
1520968291,15,358
1520968291,11,311
1520968291,7,150
1520968291,7,196
1520968292,13,281
1520968292,17,264
1520968292,12,339
1520968293,12,575
1520968293,13,298
1520968293,7,137
1520968294,15,499
1520968294,7,265
1520968295,11,610
1520968295,7,241
1520968296,15,386
1520968296,15,362
1520968296,13,322
1520968297,11,462
1520968297,16,357
1520968297,14,334
1520968298,7,411
1520968298,15,534
1520968299,7,178
1520968299,13,373
1520968299,7,191
1520968300,17,383
1520968300,14,439
1520968301,17,480
1520968301,7,150
1520968301,14,451
1520968302,15,455
1520968302,12,507
1520968303,12,480
1520968303,7,148
1520968303,14,475
1520968304,14,506
1520968304,15,183
1520968304,17,443
1520968305,17,232
1520968305,14,476
1520968305,14,259
1520968306,12,503
1520968306,16,463
1520968307,7,178
1520968307,15,762
1520968308,7,191
1520968308,16,541
1520968308,12,244
1520968309,17,416
1520968309,15,466
1520968309,7,64
1520968310,14,423
1520968310,14,434
1520968311,14,312
1520968311,15,307
1520968311,12,436
1520968312,11,243
1520968312,14,404
1520968313,16,439
1520968313,11,107
1520968313,16,499
1520968314,13,370
1520968314,11,405
1520968314,7,244
1520968315,16,341
1520968315,11,225
1520968315,17,277
1520968316,15,337
1520968316,14,378
1520968316,14,363
1520968317,17,343
1520968317,14,457
1520968317,7,272
1520968318,12,250
1520968318,15,324
1520968318,7,143
1520968319,16,490
1520968319,17,248
1520968319,12,442
1520968320,11,294
1520968320,7,241
1520968320,7,141
1520968321,13,561
1520968321,17,641
1520968322,14,589
1520968322,13,153
1520968322,12,131
1520968323,14,282
1520968323,16,413
1520968324,15,483
1520968324,15,370
1520968324,17,528
1520968325,11,247
1520968325,11,209
1520968325,12,525
1520968326,14,521
1520968326,16,413
1520968327,17,553
1520968328,13,584
1520968328,14,324
1520968328,16,423
1520968329,14,222
1520968329,12,358
1520968330,13,539
1520968330,12,383
1520968330,7,100
1520968330,15,232
1520968331,13,421
1520968331,17,531
1520968332,14,434
1520968332,15,410
1520968333,17,785
1520968333,16,305
1520968334,12,289
1520968334,7,358
1520968334,12,176
1520968334,7,316
1520968335,16,351
1520968335,7,242
1520968336,14,432
1520968336,7,78
1520968336,13,316
1520968336,7,143
1520968337,16,367
1520968337,16,184
1520968337,17,429
1520968337,13,144
1520968338,16,345
1520968338,7,107
1520968338,7,445
1520968339,17,356
1520968339,14,421
1520968340,13,442
1520968340,13,250
1520968340,16,199
1520968340,15,386
1520968341,11,558
1520968341,14,335
1520968342,12,249
1520968342,17,609
1520968343,16,573
1520968343,15,352
1520968343,7,133
1520968344,12,234
1520968344,14,420
1520968344,15,378
1520968345,12,162
1520968345,11,287
1520968345,14,525
1520968346,15,322
1520968346,13,324
1520968346,14,201
1520968347,11,208
1520968347,13,459
1520968347,7,172
1520968347,14,138
1520968348,7,269
1520968348,13,567
1520968348,12,123
1520968349,16,581
1520968350,16,595
1520968350,11,180
1520968350,14,319
1520968350,12,184
1520968351,12,421
1520968351,13,206
1520968351,13,268
1520968352,16,330
1520968352,14,593
1520968352,16,259
1520968353,12,268
1520968353,16,529
1520968354,7,187
1520968354,15,271
1520968354,17,453
1520968355,17,319
1520968355,16,269
1520968355,17,211
1520968355,15,179
1520968356,14,332
1520968356,11,560
1520968357,17,540
1520968357,13,266
1520968358,17,430
1520968358,14,316
1520968358,14,274
1520968358,14,273
1520968359,16,251
1520968359,17,249
1520968359,11,266
1520968360,13,621
1520968361,14,602
1520968361,16,264
1520968361,11,653
1520968362,7,165
1520968362,13,313
1520968362,12,199
1520968363,13,364
1520968363,12,357
1520968363,12,179
1520968363,7,161
1520968364,13,375
1520968364,17,458
1520968364,16,225
1520968365,11,567
1520968365,16,383
1520968366,7,288
1520968366,7,146
1520968366,7,213
1520968366,13,231
1520968367,7,229
1520968367,13,448
1520968367,14,236
1520968368,15,325
1520968368,16,322
1520968368,14,173
1520968369,17,461
1520968369,7,489
1520968369,7,52
1520968369,7,81
1520968370,13,409
1520968370,13,570
1520968370,14,179
1520968371,12,450
1520968371,13,500
1520968372,16,180
1520968372,17,400
1520968372,14,396
1520968373,16,393
1520968373,15,335
1520968374,13,323
1520968374,11,390
1520968374,16,280
1520968375,15,509
1520968375,14,521
1520968376,11,265
1520968376,12,517
1520968377,14,401
1520968377,14,242
1520968377,15,173
1520968377,14,469
1520968378,7,167
1520968378,14,298
1520968378,14,458
1520968379,13,465
1520968380,12,604
1520968380,16,486
1520968380,7,265
1520968381,11,240
1520968381,7,546
1520968382,16,380
1520968382,7,270
1520968382,7,211
1520968382,11,206
1520968382,15,266
1520968383,13,227
1520968383,15,602
1520968384,16,383
1520968384,14,207
1520968384,14,201
1520968385,17,513
1520968385,16,432
1520968386,12,382
1520968386,11,488
1520968387,15,784
1520968387,13,159
1520968387,15,322
1520968388,17,213
1520968388,14,511
1520968388,7,245
1520968389,16,451
1520968389,13,154
1520968389,16,287
1520968390,15,517
1520968390,7,439
1520968391,11,476
1520968391,13,184
1520968392,13,506
1520968392,12,378
1520968392,7,80
1520968392,7,321
1520968392,7,87
1520968393,7,329
1520968393,15,418
1520968393,15,261
1520968394,15,385
1520968394,14,279
1520968395,15,408
1520968395,11,269
1520968395,12,530
1520968396,15,776
1520968397,17,506
1520968397,13,456
1520968398,12,282
1520968398,11,246
1520968398,14,331
1520968399,14,528
1520968399,7,361
1520968400,12,577
1520968400,17,436
1520968400,7,84
1520968400,13,168
1520968401,11,226
1520968401,7,274
1520968401,7,210
1520968401,13,399
1520968402,17,368
1520968402,13,311
1520968402,16,262
1520968403,11,278
1520968403,7,147
1520968403,16,394
1520968404,14,507
1520968404,17,296
1520968405,17,539
1520968405,16,474
1520968406,15,437
1520968407,17,806
1520968407,12,349
1520968408,16,767
1520968408,12,373
1520968409,16,471
1520968409,7,83
1520968409,17,401
1520968409,13,435
1520968410,12,248
1520968410,11,191
1520968410,17,478
1520968411,16,476
1520968412,14,571
1520968412,11,196
1520968412,13,316
1520968412,15,302
1520968413,13,361
1520968413,17,478
1520968414,17,552
1520968414,7,256
1520968414,12,133
1520968415,14,412
1520968415,15,355
1520968416,14,682
1520968416,17,428
1520968416,12,195
1520968417,15,488
1520968417,14,294
1520968417,13,311
1520968418,16,372
1520968418,12,331
1520968419,15,290
1520968419,11,345
1520968419,17,249
1520968419,14,183
1520968420,11,660
1520968420,7,206
1520968420,7,80
1520968421,14,586
1520968421,16,319
1520968422,16,804
1520968422,11,235
1520968423,16,525
1520968423,13,456
1520968424,15,279
1520968424,12,181
1520968424,7,116
1520968425,13,557
1520968425,17,790
1520968426,17,484
1520968426,15,492
1520968427,14,491
1520968427,14,264
1520968428,16,406
1520968428,7,287
1520968428,16,479
1520968429,12,273
1520968429,15,338
1520968430,16,412
1520968430,14,414
1520968430,16,413
1520968431,13,469
1520968431,11,488
1520968431,7,115
1520968432,7,201
1520968432,16,608
1520968433,16,211
1520968433,11,115
1520968433,7,269
1520968433,11,361
1520968434,15,370
1520968434,7,139
1520968434,17,238
1520968435,11,358
1520968435,14,267
1520968435,11,284
1520968435,11,211
1520968436,17,372
1520968436,11,254
1520968436,13,415
1520968437,13,184
1520968437,16,323
1520968437,14,143
1520968437,13,197
1520968438,14,499
1520968438,14,194
1520968438,7,120
1520968439,13,388
1520968439,15,404
1520968439,11,119
1520968440,12,355
1520968440,15,510
1520968440,7,80
1520968440,12,213
1520968441,17,434
1520968441,17,269
1520968441,14,183
1520968442,12,501
1520968442,17,561
1520968443,17,453
1520968443,14,188
1520968443,7,117
1520968443,13,294
1520968444,11,419
1520968445,17,772
1520968445,15,489
1520968446,16,330
1520968446,16,443
1520968447,17,501
1520968447,16,184
1520968447,13,353
1520968447,7,97
1520968447,7,112
1520968448,16,439
1520968448,17,494
1520968449,13,370
1520968449,12,310
1520968449,17,450
1520968450,16,402
1520968450,15,254
1520968451,14,387
1520968451,15,295
1520968451,11,427
1520968452,15,608
1520968452,11,193
1520968453,14,441
1520968453,7,90
1520968453,15,247
1520968453,15,341
1520968454,11,318
1520968454,13,443
1520968455,12,652
1520968455,15,514
1520968456,12,305
1520968456,7,201
1520968456,7,296
1520968457,12,392
1520968457,7,377
1520968457,14,371
1520968458,12,183
1520968458,13,148
1520968458,7,238
1520968458,7,97
1520968459,15,498
1520968459,16,388
1520968459,12,288
1520968460,15,288
1520968460,17,333
1520968460,15,277
1520968460,15,294
1520968461,11,351
1520968461,17,433
1520968462,15,274
1520968462,13,303
1520968462,12,174
1520968462,11,369
1520968463,11,181
1520968463,15,371
1520968463,14,296
1520968464,17,509
1520968464,7,168
1520968465,17,451
1520968465,15,516
1520968465,14,403
1520968466,14,544
1520968466,14,185
1520968467,11,763
1520968467,11,270
1520968468,11,252
1520968468,16,585
1520968468,13,206
1520968469,14,256
1520968469,13,590
1520968470,16,459
1520968470,15,523
1520968471,12,418
1520968471,13,331
1520968471,12,297
1520968472,7,148
1520968472,15,445
1520968472,17,313
1520968473,15,304
1520968473,16,427
1520968473,17,398
1520968474,14,240
1520968474,7,199
1520968474,16,482
1520968475,16,358
1520968475,12,283
1520968476,16,404
1520968476,17,644
1520968477,11,432
1520968477,14,480
1520968478,16,445
1520968478,15,216
1520968478,14,255
1520968479,15,418
1520968479,14,676
1520968480,14,444
1520968480,13,274
1520968480,7,81
1520968480,16,436
1520968481,13,421
1520968481,7,83
1520968481,14,453
1520968482,14,212
1520968482,11,412
1520968483,14,391
1520968483,11,375
1520968483,13,217
1520968484,14,404
1520968484,13,376
1520968484,15,385
1520968485,13,389
1520968485,14,716
1520968486,12,230
1520968486,13,463
1520968486,15,249
1520968487,17,388
1520968487,17,437
1520968488,14,626
1520968488,7,149
1520968489,17,461
1520968489,15,523
1520968489,7,61
1520968490,15,328
1520968490,12,292
1520968490,16,319
1520968490,13,247
1520968491,17,457
1520968492,13,619
1520968492,16,345
1520968492,13,206
1520968492,16,320
1520968493,15,488
1520968493,15,263
1520968494,15,306
1520968494,7,393
1520968494,14,104
1520968495,16,731
1520968495,12,399
1520968496,17,428
1520968497,16,739
1520968497,12,386
1520968498,17,497
1520968498,12,534
1520968498,11,236
1520968499,11,156
1520968499,16,354
1520968499,12,383
1520968499,11,120
1520968500,17,531
1520968500,16,468
1520968501,7,97
1520968501,16,417
1520968501,11,312
1520968502,17,537
1520968503,13,617
1520968503,7,390
1520968503,11,261
1520968504,16,458
1520968504,14,205
1520968504,7,363
1520968505,13,464
1520968505,12,325
1520968505,16,156
1520968506,14,609
1520968506,11,466
1520968507,17,355
1520968507,16,507
1520968508,13,416
1520968508,12,182
1520968508,16,248
1520968509,7,308
1520968509,7,200
1520968509,15,321
1520968510,12,409
1520968510,17,875
1520968511,7,118
1520968511,17,375
1520968512,15,701
1520968512,7,207
1520968512,14,455
1520968513,15,374
1520968513,7,224
1520968513,14,229
1520968514,16,578
1520968514,7,251
1520968515,11,465
1520968515,13,415
1520968515,14,379
1520968516,7,445
1520968516,14,339
1520968517,12,471
1520968517,16,430
1520968518,15,503
1520968518,17,638
1520968519,14,509
1520968519,15,364
1520968519,14,319
1520968520,16,602
1520968520,7,147
1520968521,7,295
1520968521,17,420
1520968521,15,333
1520968522,16,348
1520968522,12,274
1520968522,7,290
1520968523,16,605
1520968524,17,780
1520968524,7,245
1520968524,16,406
1520968525,16,386
1520968525,7,129
1520968525,12,214
1520968525,11,91
1520968526,17,424
1520968526,13,378
1520968527,17,450
1520968527,7,235
1520968527,16,425
1520968527,11,129
1520968528,16,254
1520968528,16,316
1520968528,7,121
1520968529,11,375
1520968529,16,694
1520968529,12,122
1520968530,13,198
1520968530,11,298
1520968530,13,301
1520968531,11,261
1520968531,17,297
1520968531,7,212
1520968531,11,298
1520968532,11,434
1520968532,13,217
1520968532,12,201
1520968533,14,399
1520968533,17,393
1520968533,13,374
1520968534,16,396
1520968534,15,511
1520968535,14,319
1520968535,12,370
1520968536,15,409
1520968536,15,406
1520968536,14,179
1520968537,17,650
1520968537,16,638
1520968538,15,597
1520968538,7,109
1520968539,16,523
1520968539,14,547
1520968539,11,152
1520968540,13,529
1520968540,7,205
1520968540,14,196
1520968541,12,317
1520968541,13,453
1520968542,13,402
1520968542,7,156
1520968543,12,786
1520968543,12,219
1520968543,11,261
1520968543,7,256
1520968544,16,594
1520968544,12,273
1520968545,13,430
1520968545,14,386
1520968545,13,298
1520968546,7,385
1520968546,7,246
1520968546,7,288
1520968547,14,371
1520968547,14,587
1520968548,7,264
1520968548,11,438
1520968549,15,644
1520968549,12,138
1520968549,17,166
1520968549,7,177
1520968549,12,225
1520968550,12,269
1520968550,7,147
1520968550,16,137
1520968550,13,142
1520968551,7,343
1520968551,17,522
1520968551,11,222
1520968552,11,246
1520968552,17,575
1520968552,7,79
1520968553,17,433
1520968553,7,212
1520968554,11,519
1520968554,16,336
1520968554,7,79
1520968554,17,280
1520968555,7,250
1520968555,7,104
1520968555,11,213
1520968555,16,418
1520968556,17,373
1520968556,16,384
1520968557,13,335
1520968557,13,580
1520968558,17,654
1520968558,14,490
1520968558,13,139
1520968559,17,318
1520968559,16,618
1520968560,15,405
1520968560,14,256
1520968560,7,234
1520968561,12,436
1520968561,11,171
1520968561,7,216
1520968562,13,380
1520968562,14,435
1520968562,12,296
1520968563,17,395
1520968563,7,113
1520968563,15,458
1520968564,16,559
1520968564,11,297
1520968565,13,361
1520968565,11,388
1520968565,13,200
1520968566,16,364
1520968566,15,173
1520968566,15,365
1520968566,16,136
1520968567,15,281
1520968567,13,729
1520968568,11,183
1520968568,13,275
1520968568,11,491
1520968569,15,525
1520968569,15,580
1520968570,11,341
1520968570,15,292
1520968571,12,564
1520968571,12,530
1520968572,15,579
1520968572,11,318
1520968572,14,263
1520968573,13,374
1520968573,16,505
1520968574,16,408
1520968574,16,151
1520968575,13,711
1520968575,7,393
1520968575,17,352
1520968576,12,359
1520968576,11,472
1520968577,11,244
1520968577,16,236
1520968577,13,120
1520968577,12,198
1520968578,15,694
1520968578,15,460
1520968579,12,223
1520968579,13,411
1520968579,14,341
1520968580,12,198
1520968580,7,122
1520968580,15,507
1520968581,11,348
1520968581,13,495
1520968581,17,196
1520968582,17,384
1520968582,7,281
1520968582,12,377
1520968583,12,396
1520968583,16,665
1520968584,14,394
1520968585,15,797
1520968585,13,560
1520968586,16,377
1520968586,11,206
1520968586,13,397
1520968586,7,173
1520968587,12,321
1520968587,17,366
1520968588,12,396
1520968588,7,153
1520968588,7,180
1520968588,11,323
1520968589,14,615
1520968590,14,605
1520968590,14,247
1520968590,16,523
1520968591,17,647
1520968592,12,532
1520968592,13,422
1520968592,7,234
1520968593,14,363
1520968593,11,290
1520968593,17,456
1520968594,12,267
1520968594,17,474
1520968594,7,260
1520968595,11,245
1520968595,12,234
1520968595,7,212
1520968596,13,397
1520968596,16,541
1520968596,11,274
1520968597,17,320
1520968597,16,535
1520968598,13,701
1520968598,12,210
1520968598,14,266
1520968599,16,617
1520968600,16,670
1520968600,12,145
1520968601,17,544
1520968601,15,327
1520968601,15,244
1520968601,12,291
1520968602,11,225
1520968602,16,397
1520968602,17,186
1520968603,12,370
1520968603,7,204
1520968603,16,269
1520968604,13,327
1520968604,17,737
1520968605,15,262
1520968605,16,365
1520968605,13,178
1520968606,17,374
1520968606,11,499
1520968606,15,172
1520968606,12,154
1520968607,11,515
1520968607,14,439
1520968608,14,406
1520968608,11,233
1520968609,13,461
1520968609,17,420
1520968609,14,263
1520968609,12,228
1520968610,12,463
1520968610,11,422
1520968611,12,478
1520968611,17,378
1520968612,13,312
1520968612,7,367
1520968612,13,212
1520968613,17,504
1520968613,7,386
1520968614,17,443
1520968614,15,207
1520968614,7,460
1520968615,11,224
1520968615,15,513
1520968615,16,236
1520968616,17,271
1520968616,12,223
1520968616,12,177
1520968616,14,296
1520968617,17,372
1520968617,14,304
1520968617,7,260
1520968618,12,624
1520968619,13,559
1520968619,15,357
1520968619,7,217
1520968619,15,367
1520968620,17,314
1520968620,12,422
1520968621,12,493
1520968621,15,256
1520968621,11,120
1520968621,12,305
1520968622,13,470
1520968622,16,368
1520968623,14,250
1520968623,14,311
1520968623,13,152
1520968623,7,80
1520968623,7,118
1520968624,7,443
1520968624,15,300
1520968624,12,369
1520968625,17,498
1520968625,11,106
1520968626,12,445
1520968626,16,472
1520968626,15,370
1520968627,12,450
1520968627,12,364
1520968627,15,194
1520968628,12,313
1520968628,15,338
1520968629,16,370
1520968629,12,399
1520968629,12,321
1520968630,7,280
1520968630,13,540
1520968630,11,375
1520968631,14,287
1520968631,13,410
1520968632,17,352
1520968632,7,325
1520968633,17,609
1520968633,16,495
1520968633,7,66
1520968633,17,222
1520968634,17,360
1520968634,11,232
1520968634,11,181
1520968635,15,370
1520968635,16,520
1520968636,13,505
1520968636,15,412
1520968637,11,483
1520968637,16,592
1520968638,14,355
1520968638,14,497
1520968638,14,348
1520968639,11,310
1520968639,13,525
1520968640,14,477
1520968640,11,186
1520968640,16,458
1520968641,7,121
1520968641,12,335
1520968641,14,319
1520968642,11,443
1520968642,13,502
1520968643,16,367
1520968643,13,260
1520968643,12,465
1520968643,7,100
1520968644,15,455
1520968644,7,314
1520968645,12,278
1520968645,13,226
1520968645,7,258
1520968645,12,259
1520968646,17,590
1520968646,13,174
1520968647,7,353
1520968647,12,170
1520968647,13,531
1520968648,15,626
1520968648,16,175
1520968649,13,490
1520968649,11,304
1520968649,13,454
1520968650,12,361
1520968650,12,225
1520968651,13,556
1520968651,16,471
1520968651,13,235
1520968651,7,96
1520968652,12,269
1520968652,13,253
1520968652,7,180
1520968653,14,411
1520968653,14,450
1520968653,13,319
1520968654,16,279
1520968654,15,499
1520968655,16,375
1520968655,16,407
1520968655,7,202
1520968656,17,602
1520968656,13,127
1520968656,7,190
1520968656,14,165
1520968657,13,413
1520968657,7,295
1520968657,15,435
1520968658,16,574
1520968658,12,115
1520968658,11,257
1520968659,17,269
1520968659,16,440
1520968660,16,343
1520968660,17,391
1520968660,11,138
1520968660,15,335
1520968661,15,387
1520968662,13,640
1520968662,16,401
1520968662,11,184
1520968662,13,260
1520968663,17,356
1520968663,11,376
1520968664,16,378
1520968664,7,147
1520968664,16,467
1520968665,15,233
1520968665,11,213
1520968665,15,511
1520968666,13,389
1520968666,15,276
1520968666,15,306
1520968667,14,512
1520968667,12,150
1520968668,11,448
1520968668,7,150
1520968668,13,172
1520968668,7,114
1520968668,15,293
1520968669,17,392
1520968669,14,410
1520968670,16,537
1520968670,12,297
1520968670,13,345
1520968671,14,279
1520968671,7,73
1520968671,15,456
1520968672,7,322
1520968672,11,596
1520968673,17,370
1520968673,13,213
1520968673,12,171
1520968673,12,438
1520968674,16,681
1520968675,17,456
1520968675,13,393
1520968675,14,418
1520968675,7,88
1520968676,13,451
1520968676,11,242
1520968676,12,251
1520968677,15,387
1520968677,7,274
1520968678,17,384
1520968678,13,175
1520968678,7,246
1520968678,11,197
1520968679,17,456
1520968679,17,491
1520968680,12,598
1520968680,14,419
1520968681,11,540
1520968681,11,376
1520968681,13,215
1520968682,7,279
1520968682,12,260
1520968682,15,268
1520968683,16,369
1520968683,15,631
1520968684,17,522
1520968684,11,250
1520968684,16,307
1520968685,14,425
1520968685,15,163
1520968685,13,327
1520968686,14,436
1520968686,7,226
1520968686,13,324
1520968687,12,221
1520968687,17,694
1520968688,13,684
1520968688,17,246
1520968689,17,454
1520968689,17,374
1520968690,12,658
1520968690,17,400
1520968691,13,364
1520968691,17,396
1520968691,15,247
1520968692,16,308
1520968692,13,231
1520968692,12,162
1520968692,13,245
1520968692,7,140
1520968693,7,242
1520968693,14,614
1520968694,12,153
1520968694,17,484
1520968694,7,375
1520968695,11,261
1520968695,13,146
1520968695,11,321
1520968695,11,203
1520968696,17,625
1520968697,16,804
1520968697,12,392
1520968698,14,718
1520968698,14,270
1520968699,17,573
1520968699,12,150
1520968699,12,191
1520968700,12,519
1520968700,7,217
1520968700,17,303
1520968701,7,209
1520968701,13,403
1520968701,15,366
1520968702,15,496
1520968702,17,438
1520968703,11,206
1520968703,16,329
1520968703,15,365
1520968704,13,381
1520968704,17,494
1520968704,11,224
1520968705,14,428
1520968705,14,452
1520968706,14,229
1520968706,14,228
1520968706,17,336
1520968706,14,254
1520968707,14,421
1520968708,17,589
1520968708,7,192
1520968708,7,386
1520968709,12,327
1520968709,7,172
1520968709,17,497
1520968709,7,229
1520968710,7,325
1520968710,17,369
1520968711,15,430
1520968711,15,299
1520968711,15,274
1520968712,17,326
1520968712,11,349
1520968713,15,609
1520968713,11,248
1520968713,15,603
1520968714,14,188
1520968714,7,212
1520968715,7,677
1520968715,11,143
1520968715,15,417
1520968715,11,267
1520968716,12,279
1520968716,13,253
1520968716,13,478
1520968717,14,402
1520968717,16,491
1520968718,17,303
1520968718,13,438
1520968719,13,300
1520968719,17,281
1520968719,17,492
1520968719,7,166
1520968720,15,462
1520968720,14,505
1520968721,7,82
1520968721,14,411
1520968721,15,446
1520968722,15,281
1520968722,13,401
1520968723,14,334
1520968723,7,318
1520968723,15,360
1520968724,11,400
1520968724,12,295
1520968724,15,390
1520968725,13,375
1520968725,15,405
1520968725,11,316
1520968726,7,102
1520968726,17,538
1520968726,7,263
1520968727,12,335
1520968727,16,320
1520968728,13,501
1520968728,17,502
1520968728,7,320
1520968729,15,473
1520968729,13,387
1520968730,7,167
1520968730,7,108
1520968730,7,283
1520968730,15,429
1520968731,16,393
1520968731,13,177
1520968731,7,227
1520968731,11,220
1520968732,16,302
1520968732,13,709
1520968733,7,363
1520968733,12,369
1520968734,14,513
1520968734,16,389
1520968734,16,303
1520968735,14,350
1520968735,12,408
1520968736,7,308
1520968736,14,371
1520968736,11,192
1520968737,16,355
1520968737,15,381
1520968737,12,442
1520968738,11,243
1520968738,15,610
1520968739,14,493
1520968739,17,299
1520968739,12,310
1520968740,11,356
1520968740,7,83
1520968740,7,243
1520968741,13,831
1520968741,13,134
1520968742,13,413
1520968742,7,103
1520968742,16,642
1520968743,11,228
1520968743,14,452
1520968743,7,142
1520968743,14,240
1520968744,11,404
1520968744,16,435
1520968745,17,454
1520968745,11,144
1520968745,16,317
1520968746,11,202
1520968746,7,85
1520968746,11,314
1520968746,13,307
1520968747,13,316
1520968747,13,282
1520968748,13,613
1520968748,12,335
1520968748,15,474
1520968749,7,200
1520968749,17,341
1520968749,7,132
1520968749,11,270
1520968750,12,257
1520968750,16,417
1520968750,12,328
1520968751,17,711
1520968752,17,549
1520968752,13,271
1520968752,15,250
1520968752,7,217
1520968753,14,291
1520968753,13,505
1520968754,12,310
1520968754,12,239
1520968754,15,405
1520968755,11,252
1520968755,12,401
1520968755,17,362
1520968756,14,478
1520968756,16,392
1520968756,11,178
1520968757,11,390
1520968757,14,249
1520968757,12,261
1520968758,15,601
1520968758,12,382
1520968759,15,453
1520968760,15,615
1520968760,11,214
1520968760,11,405
1520968760,11,222
1520968761,16,516
1520968762,16,754
1520968762,14,267
1520968762,13,410
1520968763,7,163
1520968763,7,393
1520968763,15,256
1520968764,17,632
1520968764,16,449
1520968765,15,251
1520968765,12,229
1520968765,11,426
1520968766,14,401
1520968766,16,422
1520968767,13,433
1520968767,7,111
1520968767,7,66
1520968767,13,318
1520968768,16,437
1520968768,15,299
1520968768,14,352
1520968769,15,535
1520968769,13,376
1520968769,11,92
1520968770,13,378
1520968770,14,287
1520968770,15,318
1520968771,14,497
1520968771,12,478
1520968772,15,666
1520968772,13,378
1520968773,14,315
1520968773,11,365
1520968774,12,510
1520968774,7,266
1520968774,16,282
1520968775,15,654
1520968775,16,315
1520968775,14,194
1520968776,12,179
1520968776,12,366
1520968776,7,55
1520968776,16,398
1520968777,11,241
1520968777,12,510
1520968778,14,288
1520968778,7,226
1520968778,16,478
1520968779,15,462
1520968779,16,303
1520968779,14,149
1520968780,13,260
1520968780,15,540
1520968780,11,325
1520968781,16,275
1520968781,16,321
1520968781,14,355
1520968782,15,622
1520968783,13,511
1520968783,11,289
1520968783,17,481
1520968784,7,182
1520967029,12,2962
1520967031,17,1702
1520967032,17,1075
1520967033,12,715
1520967033,7,288
1520967034,13,477
1520967034,15,495
1520967035,7,384
1520967035,17,373
1520967036,14,552
1520967036,11,392
1520967037,16,962
1520967038,7,891
1520967038,7,463
1520967039,12,570
1520967040,15,925
1520967040,7,199
1520967040,11,275
1520967041,7,289
1520967041,7,182
1520967041,12,260
1520967041,7,91
1520967041,11,147
1520967042,13,444
1520967042,12,432
1520967043,14,593
1520967043,7,343
1520967044,11,334
1520967044,12,555
1520967045,11,229
1520967045,13,464
1520967045,13,380
1520967046,17,290
1520967046,12,490
1520967047,16,269
1520967047,13,278
1520967047,15,449
1520967048,7,225
1520967048,14,429
1520967049,12,679
1520967049,7,459
1520967050,11,364
1520967050,13,184
1520967050,17,380
1520967050,11,152
1520967051,16,423
1520967051,7,267
1520967051,12,275
1520967052,15,395
1520967052,14,268
1520967052,11,374
1520967053,14,496
1520967053,17,441
1520967054,14,405
1520967054,17,565
1520967055,11,296
1520967055,17,545
1520967055,12,130
1520967056,16,420
1520967056,7,374
1520967057,16,755
1520967057,17,257
1520967058,7,347
1520967058,7,376
1520967058,12,299
1520967059,17,421
1520967059,16,401
1520967059,7,316
1520967060,13,502
1520967061,16,532
1520967061,13,351
1520967061,13,524
1520967062,15,478
1520967062,15,353
1520967063,12,403
1520967063,16,445
1520967063,11,224
1520967064,7,180
1520967064,16,529
1520967065,16,576
1520967065,12,318
1520967065,16,227
1520967066,12,220
1520967066,13,421
1520967066,14,307
1520967067,16,496
1520967068,17,545
1520967068,11,348
1520967068,13,478
1520967069,13,281
1520967069,13,280
1520967069,15,468
1520967070,7,435
1520967070,14,365
1520967070,7,134
1520967071,12,358
1520967071,7,163
1520967071,7,328
1520967072,16,525
1520967072,7,108
1520967072,15,313
1520967073,7,269
1520967073,12,570
1520967074,13,468
1520967074,15,419
1520967074,7,145
1520967075,16,441
1520967075,16,320
1520967075,7,218
1520967076,15,332
1520967076,14,505
1520967076,13,243
1520967077,17,456
1520967078,13,661
1520967078,12,299
1520967078,14,403
1520967079,17,234
1520967079,7,292
1520967079,16,464
1520967080,12,161
1520967080,12,420
1520967080,14,429
1520967081,11,275
1520967081,12,160
1520967081,14,218
1520967082,13,393
1520967082,17,537
1520967083,13,450
1520967083,16,712
1520967084,17,412
1520967084,16,225
1520967084,12,414
1520967085,11,265
1520967085,7,71
1520967085,16,665
1520967086,16,406
1520967086,16,508
1520967087,11,497
1520967087,17,272
1520967087,14,260
1520967088,15,575
1520967088,15,420
1520967089,13,441
1520967089,12,174
1520967089,13,167
1520967089,14,145
1520967090,17,560
1520967090,15,299
1520967090,7,125
1520967091,15,393
1520967091,14,226
1520967092,15,549
1520967092,15,298
1520967092,16,374
1520967093,13,128
1520967093,17,581
1520967094,16,397
1520967094,16,446
1520967094,11,387
1520967095,17,376
1520967095,17,440
1520967095,13,197
1520967096,17,560
1520967097,16,648
1520967097,7,312
1520967097,16,435
1520967098,15,275
1520967098,17,426
1520967099,7,378
1520967099,7,195
1520967099,16,408
1520967099,17,208
1520967100,17,419
1520967100,14,586
1520967101,15,234
1520967101,13,379
1520967101,7,265
1520967102,14,462
1520967102,12,490
1520967103,15,211
1520967103,15,220
1520967104,16,603
1520967104,14,174
1520967104,16,448
1520967104,7,233
1520967105,16,541
1520967105,15,355
1520967106,16,406
1520967106,12,365
1520967107,15,381
1520967107,7,424
1520967107,11,221
1520967108,17,428
1520967108,11,228
1520967108,13,441
1520967109,12,218
1520967109,13,407
1520967110,16,462
1520967110,7,231
1520967110,14,450
1520967111,15,328
1520967111,7,263
1520967111,16,399
1520967112,7,295
1520967112,14,497
1520967113,15,445
1520967113,12,422
1520967113,7,93
1520967113,11,284
1520967114,17,595
1520967114,15,360
1520967115,15,644
1520967115,13,189
1520967116,11,334
1520967116,7,232
1520967116,12,462
1520967117,16,289
1520967117,15,451
1520967117,12,357
1520967118,12,475
1520967119,17,590
1520967119,15,166
1520967119,16,402
1520967119,11,240
1520967120,7,433
1520967120,12,244
1520967121,12,402
1520967121,12,270
1520967121,16,495
1520967122,11,421
1520967122,13,273
1520967123,17,482
1520967123,7,486
1520967123,13,284
1520967124,13,274
1520967124,13,196
1520967125,15,665
1520967125,15,734
1520967126,11,501
1520967126,16,426
1520967127,7,379
1520967127,7,233
1520967127,14,347
1520967128,16,376
1520967128,11,84
1520967128,16,429
1520967129,11,431
1520967129,12,156
1520967129,11,361
1520967130,16,504
1520967130,12,375
1520967131,17,772
1520967131,15,465
1520967132,12,329
1520967132,14,525
1520967133,15,449
1520967133,17,700
1520967134,15,281
1520967134,7,229
1520967134,7,365
1520967135,12,342
1520967135,11,183
1520967135,12,358
1520967136,15,462
1520967136,7,115
1520967136,7,400
1520967137,17,526
1520967137,14,465
1520967138,12,367
1520967138,12,596
1520967138,13,180
1520967139,14,467
1520967139,11,201
1520967140,12,417
1520967140,7,214
1520967140,12,149
1520967140,14,355
1520967141,17,279
1520967141,14,525
1520967142,11,351
1520967142,7,377
1520967143,12,651
1520967143,11,132
1520967143,15,399
1520967144,17,296
1520967144,11,331
1520967144,12,331
1520967144,12,265
1520967145,11,519
1520967145,15,286
1520967146,15,574
1520967147,13,876
1520967147,7,328
1520967147,7,178
1520967148,15,576
1520967149,17,566
1520967149,12,227
1520967149,17,454
1520967150,16,534
1520967150,16,388
1520967150,14,290
1520967151,15,461
1520967151,11,278
1520967151,7,74
1520967152,11,316
1520967152,14,306
1520967152,7,96
1520967153,16,820
1520967153,13,386
1520967154,11,689
1520967154,12,430
1520967155,17,426
1520967155,13,278
1520967156,13,448
1520967156,17,596
1520967157,17,546
1520967157,16,205
1520967158,12,402
1520967158,17,344
1520967159,17,635
1520967159,17,250
1520967159,15,291
1520967160,13,451
1520967160,11,215
1520967160,16,304
1520967160,17,376
1520967161,11,489
1520967161,12,179
1520967162,14,436
1520967162,12,344
1520967162,16,250
1520967162,7,123
1520967163,17,511
1520967163,12,445
1520967164,13,534
1520967164,16,421
1520967165,17,884
1520967166,13,581
1520967166,17,384
1520967167,14,546
1520967167,12,241
1520967168,11,509
1520967168,17,493
1520967168,11,223
1520967169,13,555
1520967170,17,744
1520967170,16,477
1520967170,11,157
1520967171,14,243
1520967171,11,314
1520967171,7,163
1520967171,17,258
1520967172,15,430
1520967172,14,322
1520967173,15,614
1520967173,16,551
1520967174,11,429
1520967174,13,254
1520967175,11,458
1520967175,13,304
1520967175,14,305
1520967175,11,178
1520967176,15,202
1520967176,7,585
1520967177,15,723
1520967178,14,534
1520967178,14,279
1520967178,14,445
1520967179,15,198
1520967179,17,365
1520967179,13,302
1520967180,13,383
1520967180,13,316
1520967180,15,280
1520967180,14,170
1520967181,11,119
1520967181,13,457
1520967182,13,532
1520967182,17,461
1520967182,14,404
1520967183,7,283
1520967183,15,430
1520967184,13,363
1520967184,12,274
1520967184,13,293
1520967185,12,674
1520967185,11,205
1520967186,11,584
1520967186,12,740
1520967187,17,272
1520967187,15,167
1520967187,7,247
1520967188,11,504
1520967188,12,310
1520967188,13,370
1520967189,15,215
1520967189,15,390
1520967189,7,176
1520967190,16,604
1520967190,13,274
1520967190,12,235
1520967191,14,534
1520967192,16,664
1520967192,7,191
1520967192,7,71
1520967192,15,378
1520967192,7,197
1520967193,7,108
1520967193,7,300
1520967193,13,259
1520967194,11,397
1520967194,14,393
1520967195,15,510
1520967195,15,742
1520967196,14,616
1520967196,7,307
1520967197,17,710
1520967197,7,151
1520967198,17,423
1520967198,12,292
1520967198,12,383
1520967198,7,159
1520967199,13,221
1520967199,13,360
1520967199,7,107
1520967200,16,350
1520967200,11,273
1520967200,12,411
1520967201,14,498
1520967201,7,285
1520967201,12,168
1520967202,17,491
1520967202,12,141
1520967202,16,329
1520967203,11,293
1520967203,11,446
1520967203,11,292
1520967204,15,506
1520967204,11,119
1520967205,16,605
1520967205,16,437
1520967206,17,579
1520967206,15,460
1520967207,13,354
1520967207,13,157
1520967207,15,264
1520967207,11,360
1520967208,16,200
1520967208,16,419
1520967209,12,549
1520967209,11,171
1520967209,14,351
1520967210,16,339
1520967210,7,105
1520967210,12,557
1520967210,7,252
1520967211,16,281
1520967211,11,227
1520967211,7,85
1520967211,7,255
1520967212,17,386
1520967212,17,393
1520967213,11,427
1520967213,17,788
1520967214,11,359
1520967214,14,355
1520967215,14,619
1520967215,12,524
1520967215,11,141
1520967216,16,568
1520967216,7,104
1520967216,7,293
1520967217,7,189
1520967217,17,177
1520967217,11,420
1520967218,14,541
1520967218,14,460
1520967219,12,495
1520967219,15,363
1520967219,11,272
1520967220,11,144
1520967220,17,393
1520967220,16,231
1520967221,14,414
1520967221,12,422
1520967221,17,279
1520967222,17,512
1520967223,14,487
1520967223,7,127
1520967223,16,425
1520967223,14,297
1520967224,16,318
1520967224,11,322
1520967224,13,289
1520967225,16,381
1520967225,15,366
1520967225,14,323
1520967226,15,478
1520967227,17,599
1520967227,11,265
1520967227,16,331
1520967227,7,98
1520967228,17,304
1520967228,16,606
1520967229,16,485
1520967229,17,454
1520967230,12,353
1520967230,16,256
1520967230,17,485
1520967231,11,477
1520967231,17,517
1520967231,12,150
1520967232,7,268
1520967232,12,315
1520967232,11,326
1520967233,7,138
1520967233,11,520
1520967234,17,556
1520967234,13,256
1520967234,15,346
1520967235,12,340
1520967235,17,441
1520967235,16,258
1520967236,11,159
1520967236,11,287
1520967236,12,269
1520967236,7,204
1520967237,7,126
1520967237,15,505
1520967238,13,544
1520967238,7,266
1520967238,13,201
1520967238,7,83
1520967238,7,185
1520967239,11,346
1520967239,12,320
1520967239,7,213
1520967240,15,337
1520967240,17,620
1520967241,15,303
1520967241,7,362
1520967241,14,182
1520967242,17,375
1520967242,11,479
1520967243,15,646
1520967243,12,284
1520967243,11,281
1520967244,7,223
1520967244,15,454
1520967245,17,543
1520967245,14,444
1520967245,16,237
1520967246,15,613
1520967246,12,345
1520967247,14,543
1520967247,7,138
1520967248,17,600
1520967248,15,357
1520967248,7,244
1520967249,15,598
1520967249,11,206
1520967249,13,229
1520967250,14,467
1520967250,12,367
1520967251,16,489
1520967251,16,626
1520967251,11,109
1520967252,14,514
1520967252,14,187
1520967253,13,461
1520967253,15,206
1520967253,13,379
1520967254,14,412
1520967254,11,239
1520967254,7,223
1520967255,13,516
1520967255,16,294
1520967256,12,531
1520967256,16,583
1520967256,11,268
1520967257,7,408
1520967257,11,371
1520967258,12,516
1520967258,16,399
1520967259,17,485
1520967259,16,450
1520967260,16,576
1520967260,14,550
1520967261,16,331
1520967261,7,166
1520967261,12,331
1520967261,7,262
1520967262,11,114
1520967262,11,574
1520967263,15,601
1520967263,11,468
1520967264,11,379
1520967264,11,245
1520967264,15,374
1520967265,14,422
1520967265,13,332
1520967266,16,685
1520967266,13,246
1520967267,14,535
1520967267,16,398
1520967268,12,438
1520967268,15,415
1520967268,16,277
1520967269,14,601
1520967269,16,525
1520967270,17,302
1520967270,12,501
1520967271,14,401
1520967271,17,521
1520967271,16,170
1520967272,11,279
1520967272,11,295
1520967272,16,313
1520967273,12,180
1520967273,14,472
1520967274,16,495
1520967274,12,288
1520967274,7,285
1520967275,15,374
1520967275,16,381
1520967275,17,256
1520967276,12,474
1520967276,12,401
1520967277,16,621
1520967277,15,259
1520967277,13,226
1520967277,7,69
1520967278,15,322
1520967278,17,422
1520967278,7,242
1520967279,16,430
1520967279,13,150
1520967279,13,502
1520967280,15,482
1520967280,14,370
1520967281,11,358
1520967281,16,569
1520967282,16,477
1520967282,11,360
1520967282,13,161
1520967283,15,225
1520967283,7,319
1520967283,17,415
1520967284,7,177
1520967284,11,317
1520967284,11,355
1520967285,17,455
1520967285,16,551
1520967286,14,423
1520967286,12,403
1520967286,16,311
1520967287,15,574
1520967287,7,160
1520967288,17,578
1520967288,16,457
1520967289,14,393
1520967289,14,351
1520967289,12,236
1520967290,7,193
1520967290,14,262
1520967290,11,373
1520967291,16,547
1520967291,7,234
1520967291,7,254
1520967291,7,95
1520967292,16,355
1520967292,15,360
1520967293,7,319
1520967293,16,644
1520967293,11,151
1520967294,14,334
1520967294,15,353
1520967295,17,446
1520967295,14,715
1520967296,12,240
1520967296,12,381
1520967296,7,233
1520967296,15,231
1520967297,17,533
1520967298,14,593
1520967298,11,404
1520967298,15,292
1520967299,16,385
1520967299,7,279
1520967299,15,345
1520967299,13,124
1520967300,15,284
1520967300,17,251
1520967300,15,335
1520967301,14,188
1520967301,15,276
1520967301,16,414
1520967302,14,311
1520967302,17,490
1520967302,7,127
1520967303,17,746
1520967304,14,620
1520967304,12,549
1520967305,17,528
1520967305,15,333
1520967306,13,390
1520967306,14,300
1520967306,7,396
1520967306,7,127
1520967307,15,320
1520967307,11,178
1520967307,16,192
1520967307,14,280
1520967308,15,717
1520967309,15,470
1520967309,17,529
1520967310,16,495
1520967310,7,226
1520967310,13,321
1520967311,17,530
1520967311,16,333
1520967312,12,346
1520967312,11,501
1520967312,11,233
1520967313,17,708
1520967313,12,371
1520967314,12,311
1520967314,12,229
1520967314,11,295
1520967315,14,410
1520967315,15,304
1520967316,15,643
1520967316,15,466
1520967316,7,120
1520967317,16,760
1520967317,16,334
1520967318,7,213
1520967318,7,108
1520967318,12,267
1520967319,16,604
1520967319,11,373
1520967320,12,461
1520967320,16,392
1520967320,7,226
1520967321,11,292
1520967321,12,383
1520967321,16,423
1520967322,15,277
1520967322,7,295
1520967322,16,303
1520967323,15,798
1520967323,17,273
1520967324,17,570
1520967325,16,465
1520967325,17,453
1520967326,12,549
1520967326,14,437
1520967327,12,508
1520967327,14,179
1520967327,17,564
1520967328,14,305
1520967328,7,353
1520967328,13,421
1520967329,13,316
1520967329,11,218
1520967329,17,303
1520967330,11,203
1520967330,12,169
1520967330,12,316
1520967331,12,442
1520967331,13,475
1520967332,16,518
1520967332,7,327
1520967332,17,429
1520967333,17,221
1520967333,11,285
1520967333,15,167
1520967334,17,601
1520967334,17,812
1520967335,13,296
1520967335,12,501
1520967336,15,395
1520967336,13,246
1520967337,11,667
1520967337,15,422
1520967337,7,180
1520967338,7,405
1520967338,7,215
1520967339,17,679
1520967339,16,313
1520967339,11,382
1520967340,17,314
1520967340,16,504
1520967341,15,681
1520967341,11,237
1520967341,7,241
1520967342,16,333
1520967342,17,487
1520967343,15,575
1520967344,16,680
1520967344,11,221
1520967344,16,228
1520967345,12,495
1520967345,17,383
1520967346,16,748
1520967346,11,140
1520967346,12,307
1520967347,15,517
1520967347,17,430
1520967347,14,231
1520967348,7,186
1520967348,15,300
1520967348,12,386
1520967349,11,804
1520967349,12,323
1520967350,12,487
1520967350,7,403
1520967351,16,370
1520967351,7,304
1520967351,13,364
1520967352,11,258
1520967352,12,174
1520967352,12,349
1520967353,15,506
1520967353,7,193
1520967353,15,461
1520967354,7,243
1520967354,12,216
1520967354,15,439
1520967355,11,459
1520967355,14,365
1520967355,13,223
1520967356,7,398
1520967356,15,501
1520967357,14,462
1520967357,12,641
1520967358,12,521
1520967358,7,290
1520967359,13,338
1520967359,17,517
1520967359,7,142
1520967360,15,357
1520967360,13,213
1520967360,7,191
1520967360,12,237
1520967361,11,152
1520967361,12,391
1520967361,11,151
1520967361,12,301
1520967362,15,624
1520967363,17,651
1520967363,7,368
1520967363,7,207
1520967364,7,149
1520967364,14,362
1520967364,11,502
1520967365,13,306
1520967365,13,473
1520967366,16,330
1520967366,12,222
1520967366,17,193
1520967366,12,351
1520967367,11,317
1520967367,15,351
1520967368,16,457
1520967368,15,230
1520967368,16,550
1520967369,15,377
1520967369,11,227
1520967369,11,158
1520967370,17,431
1520967370,17,600
1520967371,11,281
1520967371,14,536
1520967372,16,588
1520967372,14,399
1520967373,17,520
1520967373,17,213
1520967373,12,451
1520967374,12,171
1520967374,16,541
1520967374,16,268
1520967375,16,424
1520967375,7,145
1520967375,11,464
1520967376,17,477
1520967377,16,570
1520967377,15,446
1520967377,16,435
1520967378,17,359
1520967378,14,311
1520967378,11,282
1520967379,16,333
1520967379,12,289
1520967379,15,234
1520967380,11,178
1520967380,17,292
1520967380,17,389
1520967381,11,467
1520967381,14,383
1520967381,13,251
1520967382,17,368
1520967382,15,589
1520967383,11,209
1520967383,16,183
1520967383,17,381
1520967383,11,160
1520967384,16,326
1520967384,14,429
1520967384,7,116
1520967385,7,194
1520967385,11,326
1520967385,16,179
1520967385,17,247
1520967386,17,635
1520967387,13,496
1520967387,7,202
1520967387,11,468
1520967388,15,380
1520967388,11,486
1520967388,7,180
1520967389,11,284
1520967389,12,331
1520967389,16,376
1520967390,13,261
1520967390,16,360
1520967390,11,435
1520967391,13,338
1520967391,14,516
1520967392,16,303
1520967392,17,410
1520967392,11,336
1520967393,11,251
1520967393,15,432
1520967393,11,295
1520967394,7,82
1520967394,15,553
1520967394,11,297
1520967395,7,204
1520967395,17,258
1520967395,14,572
1520967396,17,597
1520967396,12,236
1520967397,11,427
1520967397,16,584
1520967398,14,619
1520967399,14,628
1520967399,16,386
1520967400,16,567
1520967400,16,658
1520967401,15,236
1520967401,13,404
1520967402,14,560
1520967402,11,234
1520967402,13,84
1520967402,16,362
1520967403,13,286
1520967403,15,376
1520967403,11,354
1520967404,16,810
1520967404,12,306
1520967405,15,380
1520967405,16,609
1520967406,15,290
1520967406,12,390
1520967407,16,398
1520967407,11,325
1520967407,7,149
1520967408,12,370
1520967408,12,294
1520967408,16,545
1520967409,14,226
1520967409,13,178
1520967409,17,465
1520967410,14,287
1520967410,17,422
1520967410,11,198
1520967411,15,555
1520967411,7,216
1520967412,16,598
1520967412,16,255
1520967412,15,280
1520967413,16,358
1520967413,16,404
1520967413,12,358
1520967414,14,402
1520967414,13,179
1520967414,12,337
1520967415,11,282
1520967415,12,249
1520967415,15,463
1520967416,7,247
1520967416,13,530
1520967416,7,210
1520967417,11,382
1520967417,17,369
1520967418,17,681
1520967418,17,251
1520967418,13,205
1520967419,7,129
1520967419,16,416
1520967419,17,385
1520967420,13,378
1520967420,17,469
1520967421,16,599
1520967421,12,235
1520967422,17,469
1520967422,11,177
1520967422,15,484
1520967423,12,317
1520967423,14,213
1520967423,14,511
1520967424,13,772
1520967424,13,246
1520967425,13,594
1520967425,12,344
1520967426,15,273
1520967426,7,224
1520967427,15,647
1520967427,15,617
1520967428,12,408
1520967428,13,440
1520967429,13,377
1520967429,17,792
1520967430,16,455
1520967430,17,385
1520967430,13,237
1520967431,16,213
1520967431,13,207
1520967431,7,259
1520967431,7,172
1520967432,12,520
1520967432,17,552
1520967433,14,615
1520967433,7,150
1520967434,17,723
1520967434,17,253
1520967434,14,206
1520967435,11,125
1520967435,12,496
1520967436,11,597
1520967436,16,185
1520967436,14,413
1520967437,17,479
1520967438,16,742
1520967438,17,238
1520967438,16,483
1520967439,7,83
1520967439,14,333
1520967439,14,541
1520967440,16,418
1520967440,11,223
1520967441,17,497
1520967441,11,194
1520967441,15,332
1520967442,13,277
1520967442,14,294
1520967442,15,621
1520967443,17,402
1520967444,17,641
1520967444,15,440
1520967445,11,487
1520967445,11,619
1520967445,11,118
1520967446,11,440
1520967446,7,289
1520967447,14,546
1520967447,7,148
1520967447,15,630
1520967448,14,356
1520967448,12,460
1520967449,17,399
1520967449,11,369
1520967449,12,486
1520967450,7,190
1520967450,14,174
1520967450,11,249
1520967450,7,160
1520967451,14,636
1520967451,17,458
1520967452,7,338
1520967452,7,142
1520967452,7,247
1520967452,16,232
1520967453,14,430
1520967453,13,390
1520967454,17,421
1520967454,15,453
1520967454,7,59
1520967454,11,150
1520967455,14,589
1520967456,17,558
1520967456,16,332
1520967456,7,199
1520967456,17,318
1520967457,15,373
1520967458,17,615
1520967458,13,165
1520967458,7,346
1520967459,12,447
1520967459,7,202
1520967459,15,395
1520967459,17,224
1520967460,12,359
1520967460,7,213
1520967460,11,320
1520967461,11,324
1520967461,15,204
1520967461,13,400
1520967461,12,166
1520967462,7,267
1520967462,15,557
1520967462,7,199
1520967463,16,306
1520967463,14,323
1520967463,12,174
1520967464,12,377
1520967464,7,249
1520967464,15,307
1520967464,7,92
1520967465,11,402
1520967465,7,90
1520967465,14,406
1520967466,13,159
1520967466,7,167
1520967466,14,544
1520967467,17,821
1520967467,7,159
1520967468,11,231
1520967468,17,697
1520967469,7,272
1520967469,17,391
1520967469,16,275
1520967469,7,199
1520967470,11,384
1520967470,12,273
1520967470,7,123
1520967471,11,364
1520967471,7,89
1520967471,12,397
1520967471,11,205
1520967471,7,97
1520967472,14,150
1520967472,15,419
1520967472,13,411
1520967473,7,187
1520967473,12,121
1520967473,7,378
1520967474,15,499
1520967474,13,369
1520967474,7,289
1520967475,16,531
1520967476,14,637
1520967476,17,375
1520967477,15,604
1520967477,14,768
1520967478,17,439
1520967478,16,576
1520967479,7,251
1520967479,16,473
1520967479,7,263
1520967480,15,269
1520967480,7,147
1520967480,15,373
1520967481,13,367
1520967481,12,462
1520967482,13,570
1520967482,11,705
1520967483,16,481
1520967483,12,297
1520967483,7,129
1520967484,12,577
1520967485,17,500
1520967485,17,430
1520967485,7,84
1520967485,13,193
1520967486,12,251
1520967486,13,401
1520967486,17,375
1520967487,16,327
1520967487,13,385
1520967488,17,451
1520967488,7,223
1520967488,17,341
1520967489,16,578
1520967489,7,257
1520967489,11,131
1520967489,14,215
1520967490,17,550
1520967490,16,235
1520967491,15,560
1520967491,14,359
1520967491,7,123
1520967492,14,378
1520967492,13,282
1520967492,17,421
1520967493,13,256
1520967493,13,161
1520967493,7,412
1520967494,13,195
1520967494,17,236
1520967494,12,149
1520967494,16,354
1520967495,15,385
1520967495,12,183
1520967495,14,364
1520967495,12,147
1520967496,14,500
1520967496,13,212
1520967497,16,530
1520967497,13,297
1520967497,13,406
1520967498,11,161
1520967498,14,253
1520967498,16,389
1520967499,12,424
1520967499,16,653
1520967500,14,539
1520967500,14,357
1520967501,7,309
1520967501,16,448
1520967501,15,317
1520967502,12,454
1520967502,14,392
1520967502,7,123
1520967503,14,553
1520967503,7,126
1520967503,12,236
1520967504,11,361
1520967504,12,258
1520967504,14,438
1520967505,12,260
1520967505,12,455
1520967506,17,406
1520967506,12,322
1520967506,11,316
1520967507,7,253
1520967507,11,612
1520967508,11,372
1520967508,15,153
1520967508,7,272
1520967508,14,373
1520967509,17,363
1520967509,13,398
1520967510,12,502
1520967510,13,222
1520967510,12,205
1520967511,16,504
1520967511,15,469
1520967512,13,394
1520967512,15,256
1520967512,12,349
1520967513,13,805
1520967513,14,367
1520967514,12,155
1520967514,15,481
1520967514,7,343
1520967515,17,483
1520967515,13,279
1520967516,16,496
1520967516,14,208
1520967516,13,204
1520967516,7,72
1520967517,16,427
1520967517,7,223
1520967517,16,493
1520967518,11,288
1520967518,15,422
1520967519,16,289
1520967519,17,307
1520967519,17,609
1520967520,17,221
1520967520,12,606
1520967520,7,139
1520967521,12,219
1520967521,11,489
1520967522,14,354
1520967522,17,639
1520967522,12,245
1520967523,16,459
1520967523,16,445
1520967524,15,478
1520967524,15,520
1520967525,13,676
1520967525,7,223
1520967526,14,473
1520967526,14,210
1520967526,7,184
1520967527,14,485
1520967527,15,450
1520967528,15,277
1520967528,12,314
1520967528,12,386
1520967529,13,543
1520967529,11,264
1520967529,11,320
1520967530,17,333
1520967530,17,503
1520967531,11,253
1520967531,11,206
1520967531,12,270
1520967531,14,231
1520967532,16,225
1520967532,11,352
1520967532,14,368
1520967532,7,132
1520967533,16,551
1520967533,13,413
1520967534,15,520
1520967534,12,274
1520967534,13,173
1520967535,11,458
1520967535,11,280
1520967536,16,480
1520967536,14,242
1520967537,14,657
1520967537,16,357
1520967537,14,296
1520967538,7,119
1520967538,12,516
1520967539,16,482
1520967539,11,139
1520967539,17,691
1520967540,15,227
1520967540,11,100
1520967540,7,433
1520967541,12,473
1520967541,7,60
1520967541,13,453
1520967542,11,244
1520967542,17,317
1520967542,17,220
1520967543,17,864
1520967543,13,470
1520967544,12,569
1520967544,17,217
1520967545,17,473
1520967545,12,468
1520967546,15,402
1520967546,14,334
1520967547,15,457
1520967547,12,427
1520967547,17,333
1520967548,7,440
1520967548,17,431
1520967548,7,245
1520967549,13,509
1520967549,16,426
1520967550,17,580
1520967550,17,359
1520967551,17,548
1520967551,7,201
1520967552,13,451
1520967552,7,251
1520967552,11,413
1520967553,14,469
1520967553,11,347
1520967553,7,338
1520967554,14,275
1520967554,12,218
1520967554,16,178
1520967554,7,71
1520967555,16,499
1520967555,13,351
1520967556,11,266
1520967556,15,173
1520967556,13,238
1520967556,13,384
1520967557,13,156
1520967557,7,129
1520967557,14,326
1520967557,11,357
1520967558,16,369
1520967558,12,549
1520967559,11,377
1520967559,7,366
1520967559,13,361
1520967560,16,234
1520967560,12,220
1520967560,13,251
1520967560,12,257
1520967561,17,385
1520967561,17,418
1520967562,17,503
1520967562,12,217
1520967562,14,332
1520967563,16,297
1520967563,17,368
1520967563,7,144
1520967564,12,394
1520967564,13,586
1520967565,7,444
1520967565,16,456
1520967566,11,579
1520967566,7,74
1520967566,7,73
1520967567,7,527
1520967567,7,224
1520967567,12,531
1520967568,11,495
1520967568,12,263
1520967568,7,64
1520967568,7,146
1520967569,14,215
1520967569,14,445
1520967569,17,472
1520967570,11,146
1520967570,7,101
1520967570,17,344
1520967571,13,388
1520967571,16,629
1520967572,11,391
1520967572,11,450
1520967572,14,306
1520967573,17,537
1520967573,7,135
1520967573,12,414
1520967574,7,353
1520967574,14,579
1520967575,17,247
1520967575,7,240
1520967575,17,417
1520967576,7,396
1520967576,17,208
1520967576,14,394
1520967577,7,100
1520967577,7,144
1520967577,7,259
1520967577,12,433
1520967578,14,264
1520967578,17,371
1520967578,17,351
1520967579,17,757
1520967579,11,234
1520967580,11,199
1520967580,7,177
1520967580,7,265
1520967580,15,280
1520967581,15,436
1520967581,7,331
1520967582,13,707
1520967582,12,402
1520967583,17,418
1520967583,16,312
1520967584,17,642
1520967584,14,412
1520967584,13,148
1520967585,15,334
1520967585,12,130
1520967585,11,189
1520967585,11,316
1520967586,11,422
1520967586,11,179
1520967586,12,238
1520967587,13,294
1520967587,12,196
1520967587,14,266
1520967587,15,350
1520967588,11,294
1520967588,11,491
1520967589,15,521
1520967589,15,300
1520967590,13,577
1520967590,15,528
1520967591,15,711
1520967591,17,171
1520967592,15,531
1520967592,7,192
1520967592,12,433
1520967593,7,305
1520967593,17,635
1520967594,17,459
1520967594,13,397
1520967595,12,409
1520967595,12,170
1520967595,14,252
1520967596,17,458
1520967596,14,421
1520967596,17,372
1520967597,11,438
1520967597,13,296
1520967597,15,268
1520967598,7,176
1520967598,12,512
1520967599,12,486
1520967599,16,217
1520967599,7,256
1520967600,11,462
1520967600,17,271
1520967600,11,277
1520967601,14,545
1520967601,12,277
1520967601,7,233
1520967602,17,499
1520967602,14,299
1520967603,12,447
1520967603,13,442
1520967603,7,294
1520967604,16,339
1520967604,7,376
1520967605,11,547
1520967605,7,347
1520967606,14,485
1520967606,7,86
1520967606,7,236
1520967606,12,177
1520967606,11,276
1520967606,7,139
1520967607,17,535
1520967607,7,82
1520967608,16,472
1520967608,17,600
1520967609,16,303
1520967609,16,551
1520967610,15,438
1520967610,11,288
1520967610,7,200
1520967610,17,292
1520967611,11,167
1520967611,12,463
1520967611,12,160
1520967611,15,270
1520967612,15,533
1520967613,16,497
1520967613,7,211
1520967613,12,268
1520967613,7,259
1520967614,14,268
1520967614,13,490
1520967614,17,290
1520967615,7,256
1520967615,12,257
1520967615,12,303
1520967616,15,245
1520967616,16,363
1520967616,17,584
1520967617,11,227
1520967617,11,538
1520967617,11,226
1520967618,12,302
1520967618,17,431
1520967619,17,487
1520967619,11,252
1520967619,14,395
1520967620,17,364
1520967620,7,387
1520967621,15,409
1520967621,11,236
1520967621,7,280
1520967621,11,277
1520967622,15,393
1520967622,7,111
1520967623,16,641
1520967623,15,579
1520967623,7,203
1520967624,7,66
1520967624,7,263
1520967624,13,438
1520967625,14,312
1520967625,13,394
1520967625,13,172
1520967625,7,84
1520967626,13,440
1520967626,7,188
1520967626,11,200
1520967627,16,424
1520967627,16,420
1520967627,11,153
1520967628,16,730
1520967628,11,476
1520967629,17,772
1520967629,7,75
1520967629,12,157
1520967630,11,461
1520967630,17,229
1520967631,14,388
1520967631,16,563
1520967632,13,422
1520967632,13,199
1520967632,11,358
1520967633,7,484
1520967633,13,640
1520967634,14,368
1520967634,15,437
1520967635,17,652
1520967635,14,184
1520967635,15,190
1520967635,7,226
1520967636,14,277
1520967636,11,587
1520967637,15,284
1520967637,15,308
1520967637,16,170
1520967637,11,254
1520967638,11,260
1520967638,12,379
1520967639,16,545
1520967639,16,531
1520967639,7,203
1520967640,16,379
1520967640,14,403
1520967641,12,402
1520967641,15,707
1520967642,7,183
1520967642,12,185
1520967642,15,545
1520967642,7,68
1520967643,14,609
1520967643,15,451
1520967644,14,398
1520967644,7,198
1520967644,7,175
1520967645,12,381
1520967645,7,220
1520967645,15,456
1520967646,14,156
1520967646,7,246
1520967646,11,402
1520967647,16,374
1520967647,13,459
1520967648,11,438
1520967648,16,456
1520967649,15,548
1520967649,14,535
1520967649,16,306
1520967650,7,170
1520967650,13,326
1520967651,11,728
1520967651,17,564
1520967652,7,213
1520967652,14,554
1520967652,13,316
1520967653,17,433
1520967653,7,347
1520967654,11,466
1520967654,14,244
1520967655,14,524
1520967655,11,441
1520967655,7,151
1520967655,15,170
1520967656,15,290
1520967656,11,441
1520967657,16,557
1520967657,7,168
1520967657,11,134
1520967657,17,408
1520967658,7,289
1520967658,15,547
1520967659,15,453
1520967659,13,209
1520967659,15,336
1520967660,11,389
1520967660,15,380
1520967660,7,205
1520967661,12,445
1520967661,14,593
1520967662,16,179
1520967662,7,102
1520967662,14,397
1520967662,15,378
1520967663,14,408
1520967663,11,371
1520967664,14,369
1520967664,7,398
1520967665,17,563
1520967665,7,114
1520967665,12,384
1520967666,12,322
1520967666,16,837
1520967667,14,460
1520967667,14,391
1520967668,15,350
1520967668,14,374
1520967668,14,155
1520967669,16,400
1520967669,15,411
1520967669,16,451
1520967670,15,280
1520967670,7,155
1520967670,13,246
1520967671,11,522
1520967671,16,647
1520967672,14,191
1520967672,7,89
1520967672,11,430
1520967673,14,458
1520967673,11,354
1520967673,14,456
1520967674,12,202
1520967674,7,124
1520967674,14,455
1520967675,14,440
1520967675,15,478
1520967676,12,469
1520967676,7,275
1520967676,16,533
1520967677,16,330
1520967677,17,555
1520967678,12,378
1520967678,11,169
1520967679,17,690
1520967679,15,361
1520967679,7,310
