timestamp,kw_lengh,took_ms
1521500656,16,3235
1521500659,14,2232
1521500660,7,1193
1521500662,14,1898
1521500663,7,1302
1521500667,17,3388
1521500669,13,1982
1521500670,7,1440
1521500671,7,1235
1521500672,7,891
1521500673,7,1118
1521500674,7,926
1521500676,11,1874
1521500678,12,1757
1521500680,12,1766
1521500683,17,3093
1521500685,14,2373
1521500687,16,1990
1521500689,11,1794
1521500690,7,891
1521500692,16,2359
1521500694,13,2114
1521500696,7,1571
1521500699,16,2954
1521500701,16,1878
1521500703,14,1714
1521500704,12,1528
1521500707,15,2834
1521500709,17,1793
1521500710,11,984
1521500712,15,1768
1521500713,13,1794
1521500715,17,1526
1521500717,14,2087
1521500718,13,1043
1521500719,11,1269
1521500721,14,1635
1521500723,11,1787
1521500724,12,961
1521500725,12,1180
1521500725,7,273
1521500726,14,806
1521500728,17,1420
1521500729,17,1564
1521500731,17,1265
1521500732,12,1063
1521500732,7,677
1521500734,14,1717
1521500735,12,1037
1521500737,17,1572
1521500738,14,1365
1521500740,13,1555
1521500741,13,1415
1521500742,7,1251
1521500743,11,620
1521500744,12,836
1521500745,15,920
1521500745,7,666
1521500746,17,974
1521500748,14,1147
1521500748,16,590
1521500750,16,1470
1521500751,12,1292
1521500752,7,484
1521500753,13,1356
1521500755,15,1860
1521500756,15,1205
1521500757,7,773
1521500758,16,1053
1521500759,14,1206
1521500760,11,1198
1521500761,14,1069
1521500762,13,883
1521500763,12,719
1521500764,15,1248
1521500765,12,677
1521500766,12,1054
1521500767,16,1162
1521500768,7,995
1521500769,11,1240
1521500770,11,529
1521500771,12,1332
1521500772,14,1054
1521500773,7,591
1521500774,15,1225
1521500775,11,924
1521500777,14,1257
1521500777,7,533
1521500779,16,1490
1521500780,11,913
1521500781,11,1050
1521500781,15,809
1521500782,7,775
1521500783,17,932
1521500784,14,904
1521500785,17,1302
1521500787,15,1706
1521500788,12,601
1521500788,7,524
1521500789,13,1162
1521500791,15,1047
1521500792,12,1181
1521500793,15,1509
1521500794,14,726
1521500795,11,688
1521500795,12,733
1521500797,16,1376
1521500798,16,1383
1521500800,14,1280
1521500801,16,1087
1521500801,14,807
1521500803,17,1558
1521500804,7,685
1521500804,7,429
1521500805,11,1257
1521500806,17,894
1521500808,16,1467
1521500809,14,1279
1521500810,7,544
1521500810,7,297
1521500811,13,691
1521500812,11,990
1521500813,11,1453
1521500814,13,670
1521500814,7,622
1521500815,7,585
1521500816,17,918
1521500817,7,503
1521500818,7,923
1521500818,16,497
1521500818,7,436
1521500819,15,639
1521500820,13,1074
1521500821,13,1106
1521500822,17,828
1521500823,15,766
1521500823,7,432
1521500825,15,1221
1521500825,15,717
1521500826,15,420
1521500827,15,565
1521500827,12,447
1521500828,14,527
1521500828,15,584
1521500829,15,708
1521500829,7,544
1521500830,7,220
1521500831,16,925
1521500832,11,1309
1521500832,7,475
1521500834,17,1084
1521500835,16,1101
1521500835,14,685
1521500836,12,299
1521500837,17,1109
1521500838,14,917
1521500839,17,733
1521500839,15,907
1521500841,16,1349
1521500842,11,1031
1521500843,7,789
1521500844,16,1054
1521500844,11,456
1521500845,15,1077
1521500846,16,1054
1521500847,16,927
1521500848,14,804
1521500849,14,730
1521500850,13,661
1521500850,15,372
1521500851,11,527
1521500851,7,209
1521500851,7,238
1521500852,16,779
1521500853,15,776
1521500854,12,889
1521500855,14,1194
1521500856,13,828
1521500856,14,550
1521500857,7,826
1521500858,17,1070
1521500859,17,742
1521500860,17,797
1521500860,7,753
1521500861,14,505
1521500861,11,309
1521500862,11,425
1521500863,13,1116
1521500864,11,1104
1521500865,11,513
1521500866,13,916
1521500867,14,1111
1521500867,7,248
1521500868,12,788
1521500868,7,539
1521500869,12,820
1521500870,13,732
1521500871,16,951
1521500871,7,545
1521500872,11,339
1521500873,16,1108
1521500874,13,568
1521500874,14,903
1521500875,17,798
1521500876,7,719
1521500877,7,514
1521500877,15,806
1521500878,7,578
1521500879,15,1363
1521500880,17,789
1521500881,17,1214
1521500883,13,1293
1521500883,11,265
1521500883,7,249
1521500884,14,442
1521500884,7,380
1521500885,17,1267
1521500887,13,1135
1521500887,13,472
1521500888,15,1245
1521500889,16,982
1521500890,11,437
1521500890,14,556
1521500891,16,668
1521500892,16,559
1521500892,12,777
1521500893,17,874
1521500894,15,470
1521500895,15,1291
1521500896,13,600
1521500897,15,824
1521500897,14,579
1521500898,14,1076
1521500899,11,663
1521500899,7,287
1521500900,11,684
1521500901,13,1092
1521500902,17,1147
1521500903,15,642
1521500904,17,992
1521500905,15,742
1521500906,16,1077
1521500907,15,841
1521500907,16,392
1521500908,13,591
1521500908,13,447
1521500909,14,874
1521500910,12,541
1521500910,17,871
1521500911,13,846
1521500912,7,513
1521500913,12,905
1521500914,11,708
1521500915,14,1193
1521500916,17,782
1521500916,12,356
1521500917,14,686
1521500917,12,609
1521500918,16,654
1521500919,14,987
1521500920,11,485
1521500920,7,725
1521500921,12,515
1521500922,13,1054
1521500923,11,627
1521500923,7,221
1521500923,15,532
1521500924,11,975
1521500925,15,724
1521500925,7,196
1521500927,12,1360
1521500927,13,351
1521500928,15,839
1521500928,7,629
1521500929,16,632
1521500930,7,887
1521500931,12,648
1521500932,17,883
1521500932,7,497
1521500933,14,671
1521500933,11,491
1521500934,16,868
1521500935,12,1174
1521500936,7,188
1521500936,15,485
1521500937,17,720
1521500938,17,1414
1521500939,11,372
1521500939,13,505
1521500941,16,1396
1521500942,14,880
1521500942,7,92
1521500943,15,839
1521500943,12,442
1521500943,13,479
1521500944,7,753
1521500945,14,518
1521500946,16,718
1521500946,12,711
1521500947,12,795
1521500948,17,822
1521500948,7,105
1521500949,13,749
1521500949,16,394
1521500950,12,797
1521500951,17,1162
1521500952,13,493
1521500952,17,437
1521500953,7,401
1521500953,12,358
1521500954,13,1144
1521500955,14,801
1521500956,17,833
1521500957,17,834
1521500957,7,267
1521500957,7,135
1521500958,11,436
1521500959,14,995
1521500959,16,453
1521500959,7,306
1521500960,11,700
1521500961,11,568
1521500962,14,1043
1521500963,15,1315
1521500964,17,844
1521500965,13,918
1521500966,12,678
1521500966,15,344
1521500966,7,194
1521500967,11,604
1521500968,17,1097
1521500969,11,673
1521500969,13,516
1521500970,17,698
1521500971,11,622
1521500971,14,763
1521500972,16,476
1521500973,17,621
1521500973,11,740
1521500974,12,925
1521500975,7,524
1521500976,16,1170
1521500976,7,219
1521500977,15,822
1521500978,17,894
1521500979,12,713
1521500980,16,1239
1521500981,13,416
1521500981,17,828
1521500982,16,876
1521500984,17,1661
1521500985,14,647
1521500985,15,631
1521500986,13,896
1521500987,15,822
1521500987,7,335
1521500988,11,355
1521500988,7,457
1521500989,12,720
1521500990,16,951
1521500991,16,796
1521500992,13,792
1521500992,16,921
1521500993,7,594
1521500993,7,250
1521500994,16,816
1521500995,15,402
1521500996,15,1506
1521500997,13,1113
1521500998,17,835
1521500999,7,458
1521500999,13,628
1521501000,16,590
1521501001,14,1043
1521501002,13,692
1521501002,11,727
1521501004,16,1414
1521501005,15,800
1521501005,17,813
1521501006,17,665
1521501007,11,452
1521501007,16,436
1521501008,15,661
1521501008,17,385
1521501009,7,677
1521501010,14,1024
1521501011,16,1032
1521501012,13,581
1521501012,13,866
1521501014,17,1383
1521501014,7,256
1521501015,17,320
1521501015,13,503
1521501016,12,1204
1521501017,11,808
1521501018,14,930
1521501019,7,509
1521501019,13,734
1521501020,11,634
1521501021,15,721
1521501022,16,1114
1521501022,12,598
1521501023,7,291
1521501023,17,650
1521501024,12,680
1521501025,16,861
1521501026,17,517
1521501026,7,106
1521501026,7,450
1521501027,15,1084
1521501028,14,658
1521501029,11,605
1521501029,15,330
1521501030,13,747
1521501030,13,658
1521501031,7,171
1521501031,11,579
1521501032,13,805
1521501033,7,616
1521501033,13,847
1521501034,16,804
1521501035,12,756
1521501036,13,762
1521501036,7,159
1521501037,7,662
1521501038,14,1270
1521501039,12,579
1521501039,15,665
1521501040,16,799
1521501041,12,476
1521501041,12,443
1521501042,11,572
1521501043,15,771
1521501043,7,242
1521501044,16,815
1521501044,14,353
1521501045,17,1186
1521501046,17,1002
1521501047,11,849
1521501048,7,401
1521501048,13,540
1521501049,13,774
1521501049,12,503
1521501050,12,717
1521501051,13,519
1521501051,14,791
1521501052,13,412
1521501053,16,975
1521501053,7,560
1521501054,16,670
1521501054,7,270
1521501055,16,759
1521501056,12,827
1521501057,14,1024
1521501057,11,294
1521501058,13,580
1521501058,7,439
1521501059,16,449
1521501060,11,695
1521501061,17,963
1521501061,13,309
1521501062,13,991
1521501063,13,720
1521501064,14,916
1521501064,13,639
1521501066,17,1804
1521501067,16,1142
1521501068,11,596
1521501069,12,813
1521501069,12,210
1521501069,7,270
1521501071,17,1202
1521501071,15,772
1521501072,12,248
1521501072,16,567
1521501073,7,335
1521501073,7,423
1521501073,7,140
1521501074,7,338
1521501074,11,695
1521501075,7,541
1521501076,14,792
1521501076,14,753
1521501077,12,394
1521501077,11,578
1521501078,7,170
1521501078,11,776
1521501079,17,764
1521501080,7,516
1521501081,15,874
1521501081,13,711
1521501082,14,548
1521501083,16,727
1521501083,15,350
1521501084,16,1307
1521501085,15,623
1521501086,15,567
1521501087,15,1159
1521501087,7,268
1521501088,15,626
1521501088,7,398
1521501089,14,592
1521501089,14,389
1521501090,14,648
1521501091,17,928
1521501092,11,866
1521501093,16,1188
1521501093,12,528
1521501094,7,475
1521501094,15,508
1521501095,17,796
1521501096,13,369
1521501096,17,575
1521501097,11,401
1521501098,14,800
1521501098,16,634
1521501099,13,502
1521501099,7,705
1521501100,11,534
1521501101,14,1061
1521501102,11,835
1521501103,17,920
1521501103,13,492
1521501104,11,223
1521501105,16,1396
1521501105,7,443
1521501106,11,280
1521501107,17,786
1521501107,13,893
1521501108,13,847
1521501110,16,1220
1521501110,15,835
1521501111,12,512
1521501112,15,607
1521501112,16,386
1521501113,13,1232
1521501114,14,728
1521501115,17,853
1521501116,14,694
1521501117,11,791
1521501117,17,716
1521501118,14,413
1521501118,7,210
1521501119,15,758
1521501119,7,443
1521501120,17,818
1521501120,7,213
1521501121,7,755
1521501121,12,329
1521501122,11,760
1521501123,13,335
1521501123,13,861
1521501124,7,473
1521501125,12,685
1521501125,11,525
1521501126,12,817
1521501127,15,652
1521501127,17,784
1521501128,7,696
1521501129,16,1020
1521501130,11,853
1521501131,12,499
1521501131,7,190
1521501132,17,792
1521501132,15,747
1521501133,13,533
1521501134,12,765
1521501135,12,837
1521501135,7,156
1521501135,7,638
1521501136,7,289
1521501136,7,625
1521501137,7,264
1521501137,16,577
1521501138,12,903
1521501139,14,657
1521501140,14,828
1521501140,16,731
1521501141,16,831
1521501142,7,326
1521501142,12,492
1521501143,15,1239
1521501144,7,563
1521501145,7,493
1521501145,15,415
1521501146,16,768
1521501147,12,892
1521501147,11,516
1521501148,13,740
1521501149,17,676
1521501149,7,142
1521501149,12,316
1521501150,17,876
1521501151,17,557
1521501152,14,1219
1521501153,16,862
1521501153,12,585
1521501154,11,907
1521501155,14,428
1521501156,17,953
1521501156,12,553
1521501157,13,480
1521501158,14,724
1521501158,16,801
1521501159,12,865
1521501160,14,935
1521501161,16,453
1521501161,17,446
1521501162,16,754
1521501163,14,678
1521501163,11,406
1521501164,16,886
1521501165,17,1230
1521501166,12,293
1521501167,16,1167
1521501167,12,441
1521501168,15,767
1521501169,14,1057
1521501170,13,627
1521501171,17,965
1521501172,14,809
1521501172,15,531
1521501173,14,780
1521501173,12,462
1521501174,12,742
1521501175,15,925
1521501176,17,1194
1521501177,13,877
1521501178,17,486
1521501179,14,902
1521501179,14,319
1521501180,15,1105
1521501181,14,989
1521501182,17,804
1521501183,15,594
1521501184,15,836
1521501184,14,581
1521501185,12,721
1521501186,12,675
1521501186,15,551
1521501187,17,1004
1521501187,7,153
1521501188,17,848
1521501188,7,116
1521501189,12,763
1521501190,13,718
1521501190,11,612
1521501191,14,362
1521501191,13,452
1521501192,13,598
1521501193,15,938
1521501194,16,1279
1521501195,7,640
1521501196,16,1142
1521501197,16,955
1521501198,15,868
1521501199,15,1044
1521501200,16,1161
1521501200,11,292
1521501201,16,749
1521501202,14,474
1521501203,16,1087
1521501203,14,269
1521501204,14,768
1521501205,11,634
1521501205,11,757
1521501206,11,903
1521501207,12,419
1521501207,11,408
1521501208,15,784
1521501208,7,498
1521501209,16,653
1521501210,7,423
1521501210,11,896
1521501211,13,810
1521501212,15,949
1521501213,17,855
1521501213,12,304
1521501214,14,891
1521501215,16,512
1521501215,15,491
1521501216,13,571
1521501217,16,675
1521501217,15,573
1521501218,14,285
1521501218,13,454
1521501219,12,959
1521501219,7,298
1521501220,12,534
1521501221,11,592
1521501221,12,504
1521501222,14,786
1521501222,11,262
1521501223,15,679
1521501223,11,222
1521501224,15,999
1521501224,11,263
1521501225,17,901
1521501226,11,828
1521501227,13,978
1521501228,12,566
1521501228,12,468
1521501229,17,396
1521501229,13,691
1521501230,7,165
1521501230,15,414
1521501230,7,174
1521501231,17,658
1521501231,14,354
1521501231,7,156
1521501232,7,739
1521501233,12,423
1521501234,14,850
1521501234,11,605
1521501235,17,1045
1521501236,7,796
1521501237,16,1002
1521501238,15,1212
1521501240,15,1561
1521501241,7,753
1521501241,11,334
1521501242,15,715
1521501243,11,1076
1521501244,16,990
1521501245,16,669
1521501245,12,236
1521501245,7,400
1521501246,7,389
1521501246,16,608
1521501247,14,1074
1521501248,16,379
1521501248,16,590
1521501249,12,556
1521501250,17,648
1521501250,14,793
1521501251,14,755
1521501252,12,825
1521501253,17,971
1521501254,17,742
1521501255,17,895
1521501255,12,433
1521501256,13,515
1521501256,11,640
1521501257,11,588
1521501257,17,455
1521501258,7,454
1521501258,13,536
1521501259,7,1001
1521501260,7,188
1521501260,14,801
1521501261,7,365
1521501261,7,156
1521501262,14,657
1521501262,7,145
1521501263,12,901
1521501264,11,896
1521501264,13,330
1521501265,15,688
1521501265,13,518
1521501267,15,1174
1521501268,16,977
1521501269,12,1050
1521501269,11,577
1521501270,14,813
1521501271,16,734
1521501272,13,989
1521501272,7,624
1521501273,7,121
1521501273,7,458
1521501274,13,802
1521501274,15,526
1521501275,14,797
1521501276,13,780
1521501277,16,755
1521501277,14,559
1521501278,12,1039
1521501279,7,282
1521501280,15,858
1521501281,11,852
1521501281,13,245
1521501281,7,438
1521501282,7,376
1521501283,11,917
1521501283,7,458
1521501284,7,863
1521501285,14,1090
1521501286,17,1280
1521501287,7,213
1521501287,7,433
1521501288,12,790
1521501289,14,1007
1521501290,12,705
1521501290,7,207
1521501291,16,671
1521501291,7,351
1521501292,17,962
1521501292,16,394
1521501293,11,987
1521501294,14,825
1521501295,16,461
1521501295,7,443
1521501296,12,869
1521501297,11,681
1521501297,14,824
1521501298,11,695
1521501299,7,534
1521501299,16,619
1521501300,13,533
1521501301,16,818
1521501302,14,736
1521501302,12,452
1521501303,17,981
1521501304,17,604
1521501304,13,780
1521501305,15,768
1521501306,11,301
1521501306,12,525
1521501307,12,692
1521501308,17,766
1521501308,11,734
1521501310,14,1154
1521501310,7,452
1521501310,15,407
1521501311,17,981
1521501312,17,427
1521501313,14,610
1521501313,14,716
1521501313,7,215
1521501315,17,1018
1521501316,15,992
1521501316,11,541
1521501317,15,760
1521501318,13,844
1521501318,11,699
1521501319,7,696
1521501320,11,724
1521501320,12,222
1521501321,11,1112
1521501322,14,741
1521501323,7,551
1521501323,15,764
1521501324,15,557
1521501325,11,1121
1521501326,15,443
1521501326,12,633
1521501327,17,607
1521501327,12,473
1521501328,7,498
1521501329,17,1074
1521501329,7,454
1521501330,16,676
1521501331,14,526
1521501331,15,853
1521501333,13,1044
1521501333,15,608
1521501334,15,623
1521501335,14,1048
1521501336,13,788
1521501336,7,477
1521501337,14,687
1521501338,11,590
1521501338,12,733
1521501339,16,456
1521501339,13,577
1521501340,15,564
1521501341,15,549
1521501341,12,285
1521501341,12,311
1521501342,14,825
1521501343,11,868
1521501344,17,818
1521501345,13,913
1521501345,12,671
1521501346,15,923
1521501347,15,554
1521501347,16,280
1521501348,17,833
1521501349,17,811
1521501350,17,679
1521501350,16,445
1521501351,15,879
1521501352,7,565
1521501352,11,903
1521501353,17,368
1521501354,12,797
1521501354,7,389
1521501355,15,764
1521501355,17,502
1521501357,16,1229
1521501357,7,414
1521501358,12,648
1521501359,16,693
1521501359,16,772
1521501360,15,667
1521501361,11,669
1521501362,17,1211
1521501362,12,514
1521501364,12,1030
1521501364,13,863
1521501365,16,756
1521501366,13,849
1521501367,11,503
1521501367,13,682
1521501368,11,441
1521501369,15,833
1521501369,7,207
1521501369,11,479
1521501370,17,1095
1521501371,15,960
1521501372,13,680
1521501372,7,220
1521501373,11,614
1521501374,14,714
1521501375,12,793
1521501375,7,358
1521501376,15,1526
1521501377,13,610
1521501377,7,195
1521501378,11,270
1521501378,15,782
1521501379,13,730
1521501380,7,617
1521501381,15,842
1521501381,15,360
1521501382,16,951
1521501383,15,842
1521501383,11,470
1521501384,12,594
1521501385,7,679
1521501386,16,1792
1521501387,7,256
1521501388,16,908
1521501388,7,436
1521501388,7,293
1521501389,7,501
1521501390,14,581
1521501390,15,520
1521501390,11,321
1521501391,12,269
1521501391,17,327
1521501392,15,710
1521501393,7,790
1521501394,16,1261
1521501394,16,323
1521501395,12,827
1521501396,15,614
1521501397,17,874
1521501397,16,543
1521501398,13,1256
1521501399,7,422
1521501399,12,630
1521501400,16,813
1521501401,7,307
1521501401,13,680
1521501402,13,481
1521501402,14,523
1521501403,16,866
1521501404,12,816
1521501405,16,1015
1521501405,11,302
1521501406,7,412
1521501406,12,514
1521501408,13,1100
1521501409,11,1037
1521501409,7,166
1521501409,13,664
1521501411,17,1450
1521501412,15,684
1521501412,11,557
1521501412,7,247
1521501413,7,750
1521501414,13,595
1521501414,11,247
1521501415,12,484
1521501415,16,866
1521501416,13,560
1521501417,12,668
1521501417,7,392
1521501418,16,978
1521501419,7,461
1521501420,14,1524
1521501421,14,436
1521501421,7,210
1521501422,17,923
1521501422,7,594
1521501423,12,395
1521501424,13,768
1521501424,17,437
1521501425,17,863
1521501426,14,802
1521501426,14,572
1521501427,12,733
1521501428,15,422
1521501428,14,838
1521501429,14,463
1521501429,7,142
1521501430,13,951
1521501430,7,168
1521501431,17,748
1521501432,12,594
1521501432,12,429
1521501433,12,492
1521501433,12,539
1521501434,16,832
1521501435,14,662
1521501435,15,384
1521501435,7,232
1521501436,16,925
1521501437,16,843
1521501438,12,443
1521501438,12,290
1521501438,11,431
1521501439,12,678
1521501440,12,484
1521501441,14,967
1521501441,13,743
1521501442,17,930
1521501443,11,470
1521501444,16,730
1521501444,11,785
1521501445,7,151
1521501445,16,709
1521501445,7,191
1521501447,16,1281
1521501448,15,830
1521501448,15,679
1521501449,17,410
1521501450,15,851
1521501450,12,495
1521501451,7,510
1521501451,13,456
1521501452,16,1342
1521501454,15,1147
1521501454,13,510
1521501455,16,580
1521501456,14,978
1521501456,11,196
1521501457,7,530
1521501457,16,299
1521501458,15,1043
1521501459,15,798
1521501460,17,1315
1521501461,7,647
1521501462,14,1058
1521501462,15,319
1521501463,12,385
1521501463,14,422
1521501464,11,837
1521501465,13,735
1521501465,7,148
1521501465,16,527
1521501466,13,854
1521501467,11,784
1521501467,7,432
1521501468,12,925
1521501469,11,453
1521501470,11,607
1521501470,12,216
1521501470,14,204
1521501471,17,508
1521501471,17,545
1521501471,7,161
1521501472,7,434
1521501472,13,701
1521501473,15,883
1521501474,12,702
1521501475,17,983
1521501476,16,1338
1521501477,7,262
1521501478,14,780
1521501479,16,1111
1521501479,16,531
1521501480,13,582
1521501480,13,594
1521501481,14,166
1521501482,17,1121
1521501482,17,430
1521501483,7,1103
1521501484,13,323
1521501484,12,271
1521501485,7,502
1521501485,13,393
1521501485,11,536
1521501486,16,981
1521501487,11,451
1521501487,13,359
1521501488,11,487
1521501489,14,967
1521501489,7,190
1521501490,7,567
1521501490,15,581
1521501490,7,207
1521501491,13,465
1521501491,7,494
1521501492,16,890
1521501493,14,721
1521501494,16,783
1521501495,11,778
1521501496,16,1180
1521501496,12,292
1521501497,13,623
1521501498,15,889
1521501498,14,664
1521501500,15,1101
1521501500,12,870
1521501501,7,301
1521501501,16,554
1521501502,15,227
1521501502,7,340
1521501503,16,1080
1521501504,14,675
1521501505,17,925
1521501505,7,250
1521501506,11,630
1521501506,13,708
1521501507,15,905
1521501508,12,765
1521501508,12,329
1521501509,14,463
1521501510,11,1168
1521501511,11,719
1521501511,11,439
1521501512,13,802
1521501513,17,936
1521501514,12,544
1521501514,16,353
1521501515,13,822
1521501516,17,981
1521501517,12,1124
1521501518,16,1011
1521501519,16,1341
1521501520,13,1052
1521501521,16,445
1521501521,7,550
1521501522,12,571
1521501523,16,922
1521501524,16,632
1521501524,16,721
1521501525,17,775
1521501526,7,556
1521501526,12,555
1521501528,15,1132
1521501528,15,564
1521501529,14,1132
1521501530,11,590
1521501530,16,579
1521501531,11,613
1521501531,14,284
1521501532,12,567
1521501533,17,536
1521501533,16,323
1521501534,13,1076
1521501534,11,269
1521501535,12,699
1521501536,17,768
1521501537,14,764
1521501538,17,1005
1521501538,12,596
1521501539,7,437
1521501540,17,771
1521501540,15,666
1521501541,7,344
1521501541,16,473
1521501542,17,507
1521501542,15,816
1521501543,12,450
1521501544,15,658
1521501544,13,457
1521501545,14,881
1521501546,16,941
1521501547,12,744
1521501547,17,739
1521501548,12,991
1521501549,14,765
1521501550,14,682
1521501550,11,336
1521501551,7,506
1521501551,11,495
1521501552,17,816
1521501552,7,146
1521501553,12,206
1521501554,11,951
1521501554,7,129
1521501555,17,1117
1521501555,11,245
1521501556,11,899
1521501556,14,459
1521501557,12,262
1521501557,15,676
1521501558,7,478
1521501559,16,795
1521501559,11,679
1521501560,17,850
1521501561,17,1151
1521501562,7,605
1521501563,11,783
1521501563,17,526
1521501564,11,848
1521501565,7,813
1521501566,17,1264
1521501567,16,720
1521501568,14,792
1521501569,11,717
1521501569,7,672
1521501570,15,925
1521501571,12,280
1521501572,16,1294
1521501573,13,781
1521501573,15,427
1521501574,13,883
1521501575,12,455
1521501575,14,470
1521501575,7,220
1521501576,16,708
1521501577,15,788
1521501578,17,990
1521501578,14,591
1521501579,12,470
1521501580,13,626
1521501580,17,728
1521501581,7,756
1521501582,15,676
1521501583,13,872
1521501583,15,467
1521501584,7,488
1521501584,12,722
1521501585,14,786
1521501586,11,417
1521501586,14,411
1521501587,14,606
1521501587,7,554
1521501588,13,537
1521501589,11,802
1521501590,17,798
1521501590,13,914
1521501592,16,1147
1521501592,16,603
1521501593,7,416
1521501594,16,1157
1521501595,7,867
1521501595,12,232
1521501595,11,379
1521501596,12,174
1521501596,7,576
1521501597,15,808
1521501597,7,194
1521501598,16,792
1521501599,12,796
1521501600,17,836
1521501600,7,288
1521501601,16,1033
1521501602,16,688
1521501602,17,609
1521501603,14,863
1521501604,14,589
1521501605,17,892
1521501605,14,517
1521501606,7,234
1521501606,16,395
1521501607,15,993
1521501608,13,692
1521501608,7,568
1521501609,14,522
1521501609,7,513
1521501610,15,517
1521501610,11,338
1521501611,13,332
1521501612,17,763
1521501612,16,587
1521501614,15,1481
1521501614,11,410
1521501615,16,530
1521501615,7,144
1521501615,7,140
1521501615,7,139
1521501615,7,257
1521501616,7,691
1521501617,15,834
1521501618,15,590
1521501618,17,650
1521501619,13,509
1521501619,16,411
1521501619,7,224
1521501620,17,870
1521501621,14,500
1521501622,15,816
1521501623,17,1114
1521501623,7,417
1521501624,17,443
1521501624,17,481
1521501624,7,178
1521501625,11,248
1521501625,11,385
1521501626,15,1025
1521501626,7,201
1521501627,7,595
1521501628,16,627
1521501628,11,802
1521501629,16,917
1521501630,11,541
1521501630,11,500
1521501631,11,422
1521501632,13,718
1521501632,13,637
1521501633,13,987
1521501634,17,595
1521501635,14,748
1521501635,17,705
1521501637,13,1205
1521501637,12,518
1521501637,7,265
1521501638,11,632
1521501639,7,480
1521501639,17,752
1521501640,12,560
1521501641,14,1387
1521501642,13,767
1521501643,16,322
1521501643,14,921
1521501644,7,581
1521501644,12,420
1521501645,14,803
1521501646,12,526
1521501647,13,872
1521501647,14,701
1521501648,11,581
1521501648,7,212
1521501649,12,1025
1521501650,16,831
1521501651,14,768
1521501652,17,1226
1521501653,15,842
1521501654,17,1277
1521501655,13,435
1521501656,11,675
1521501656,7,160
1521501656,14,494
1521501657,7,413
1521501657,14,575
1521501658,13,748
1521501659,11,836
1521501659,12,500
1521501660,17,934
1521501661,11,497
1521501662,15,1056
1521501663,13,916
1521501663,16,519
1521501664,16,1031
1521501665,17,637
1521501666,17,611
1521501667,16,746
1521501667,11,713
1521501668,13,1064
1521501669,16,821
1521501670,13,715
1521501671,16,553
1521501672,16,1123
1521501672,16,663
1521501673,14,915
1521501674,16,497
1521501675,16,763
1521501675,7,262
1521501675,7,532
1521501676,15,383
1521501676,13,556
1521501677,11,959
1521501678,7,171
1521501678,13,872
1521501679,11,625
1521501680,12,1115
1521501681,14,754
1521501681,7,222
1521501682,16,471
1521501682,14,613
1521501683,17,534
1521501683,11,450
1521501684,14,1014
1521501686,17,1024
1521501686,16,898
1521501687,14,964
1521501688,14,471
1521501689,17,933
1521501690,7,716
1521501691,17,1041
1521501691,11,227
1521501692,16,636
1521501692,11,715
1521501694,17,1240
1521501694,7,410
1521501695,15,1191
1521501696,14,510
1521501696,13,624
1521501697,16,627
1521501698,15,630
1521501698,14,695
1521501699,13,1014
1521501700,7,283
1521501700,7,221
1521501700,12,403
1521501701,7,439
1521501702,14,1114
1521501703,13,579
1521501703,11,559
1521501704,16,696
1521501704,17,554
1521501705,13,437
1521501705,7,186
1521501706,13,626
1521501706,7,606
1521501707,7,187
1521501707,17,708
1521501708,12,265
1521501708,14,824
1521501709,17,696
1521501710,7,467
1521501710,13,264
1521501710,12,275
1521501711,11,719
1521501711,14,438
1521501712,7,455
1521501712,15,464
1521501713,15,599
1521501714,17,1184
1521501714,12,197
1521501715,17,810
1521501716,14,820
1521501717,16,487
1521501717,11,659
1521501718,12,539
1521501719,17,796
1521501720,14,819
1521501720,11,700
1521501721,15,973
1521501722,15,1003
1521501723,7,539
1521501723,7,459
1521501724,7,679
1521501725,13,667
1521501725,14,684
1521501726,17,769
1521501728,14,1405
1521501728,12,752
1521501729,7,547
1521501729,13,359
1521501730,7,726
1521501731,14,1134
1521501732,17,612
1521501733,15,1196
1521501734,14,594
1521501734,11,716
1521501735,13,421
1521501736,11,779
1521501736,7,715
1521501737,13,371
1521501737,15,305
1521501738,12,690
1521501739,16,817
1521501739,15,581
1521501740,16,492
1521501741,13,1127
1521501741,7,447
1521501742,12,868
1521501743,13,685
1521501743,12,479
1521501745,15,1320
1521501745,12,268
1521501745,11,414
1521501746,14,366
1521501747,16,1179
1521501747,12,205
1521501748,17,695
1521501749,14,825
1521501749,16,535
1521501750,16,762
1521501751,11,410
1521501752,16,1111
1521501752,15,529
1521501753,11,803
1521501754,7,511
1521501754,13,490
1521501755,16,1181
1521501756,12,307
1521501756,11,298
1521501756,16,331
1521501757,15,907
1521501758,16,490
1521501759,17,692
1521501759,7,592
1521501760,16,1157
1521501762,16,1420
1521501762,15,473
1521501763,16,645
1521501764,16,975
1521501765,17,785
1521501765,7,273
1521501766,11,400
1521501767,15,987
1521501767,13,518
1521501768,16,611
1521501769,15,982
1521501769,15,553
1521501771,16,1424
1521501772,15,1006
1521501772,7,270
1521501773,16,1239
1521501774,11,553
1521501775,13,859
1521501775,11,531
1521501776,14,624
1521501777,14,928
1521501778,12,524
1521501779,13,1035
1521501779,13,604
1521501780,15,864
1521501781,15,539
1521501781,13,609
1521501782,15,500
1521501783,14,929
1521501783,15,755
1521501784,13,819
1521501785,16,762
1521501786,7,548
1521501786,7,413
1521501787,13,646
1521501787,11,304
1521501788,12,796
1521501788,7,444
1521501789,15,658
1521501789,7,423
1521501790,15,329
1521501790,12,552
1521501791,7,215
1521501791,17,574
1521501792,14,882
1521501793,16,754
1521501793,11,456
1521501794,12,902
1521501795,15,678
1521501796,17,604
1521501797,16,861
1521501797,11,540
1521501798,11,1101
1521501799,15,520
1521501799,7,339
1521501800,12,908
1521501800,16,222
1521501800,7,199
1521501801,17,654
1521501802,16,965
1521501803,15,355
1521501803,17,540
1521501804,15,584
1521501804,13,459
1521501805,11,400
1521501806,14,965
1521501807,16,1112
1521501807,12,739
1521501808,13,555
1521501809,14,530
1521501809,11,401
1521501809,16,383
1521501811,17,1258
1521501811,16,682
1521501812,11,444
1521501813,7,913
1521501813,7,425
1521501814,16,870
1521501815,16,1238
1521501816,16,652
1521501817,17,939
1521501818,15,851
1521501818,7,498
1521501819,7,436
1521501820,15,842
1521501821,13,926
1521501821,14,520
1521501821,7,186
1521501822,12,606
1521501823,15,1101
1521501824,16,807
1521501825,11,646
1521501826,17,856
1521501826,14,424
1521501826,7,215
1521501827,16,1008
1521501828,7,499
1521501829,13,957
1521501829,17,557
1521501830,16,639
1521501830,13,244
1521501831,17,863
1521501832,15,749
1521501833,13,730
1521501833,7,565
1521501834,15,546
1521501834,7,232
1521501835,15,1128
1521501836,15,986
1521501837,7,240
1521501837,14,543
1521501838,16,359
1521501838,17,547
1521501839,13,773
1521501840,17,959
