5879.146046,6158.762563390001,1.0GHz,1,500,1859664429
67211.0531109,69979.10123702,1.0GHz,1,1000,3668940559
129393.6606769,134722.94242004,1.0GHz,1,1500,5505116034
191118.23833584995,199250.90838654,1.0GHz,1,2000,7336755937
256374.99580655,266949.11040372,1.0GHz,1,2500,9255326770
317019.83609425,330452.32849710004,1.0GHz,1,3000,11048276282
379907.92921229993,395972.63586588006,1.0GHz,1,3500,12904562301
439496.3640461,457901.34614658,1.0GHz,1,4000,14666851002
505125.13394409994,526266.04399067,1.0GHz,1,4500,16606710966
569671.48854615,593762.3579889501,1.0GHz,1,5000,18519954847
633697.5610724,660315.19036844,1.0GHz,1,5500,20398520350
691482.3480457,720662.37640255,1.0GHz,1,6000,22116143028
6.92453945,9.616036969999993,1.0GHz,2,500,1513492219
6435.3538794999995,6660.67461297,1.0GHz,2,1000,1953746830
38714.6025247,40272.14980565,1.0GHz,2,1500,2956926146
69224.25019579999,72188.42934753999,1.0GHz,2,2000,3888409906
104051.69844945,108310.56547299,1.0GHz,2,2500,4967523783
134735.19706705,140448.79496822003,1.0GHz,2,3000,5905376911
165167.05838514995,172166.11023182,1.0GHz,2,3500,6844745051
200660.47318899995,209057.70423324002,1.0GHz,2,4000,7933460953
230009.58186824998,239643.20490460002,1.0GHz,2,4500,8866687934
263410.59544169996,274573.56826028,1.0GHz,2,5000,9877670514
292811.087033,305105.65944270004,1.0GHz,2,5500,10774277045
327061.90573425,340850.80898030003,1.0GHz,2,6000,-250330652731
5.716764349999999,6.656340049999996,1.0GHz,3,500,1531498765
7.929168649999997,11.265537330000027,1.0GHz,3,1000,1740101624
6310.468868900001,6512.72202658,1.0GHz,3,1500,1988775853
27551.932520499995,28748.50855397,1.0GHz,3,2000,2658516265
48729.207841899995,50689.61185163,1.0GHz,3,2500,3320815839
69993.65570005,72968.10914761,1.0GHz,3,3000,3988751263
90987.48300354998,94854.56128795,1.0GHz,3,3500,4650337338
112767.55467175,117515.70954461003,1.0GHz,3,4000,5329423918
133421.7229525,139016.67519976,1.0GHz,3,4500,5978965712
155023.63406375,161607.23573381003,1.0GHz,3,5000,6661006568
175331.83406614998,182690.42694534,1.0GHz,3,5500,7296276426
198027.10028685,206370.16857401,1.0GHz,3,6000,8006193615
5.61104605,6.46432982,1.0GHz,4,500,1569631114
5.8648913999999985,6.87775039,1.0GHz,4,1000,1754032130
8.861667750000002,12.369601969999993,1.0GHz,4,1500,1848260649
6059.367818399999,6343.217958629999,1.0GHz,4,2000,2089711630
21884.18386315,22736.48918417,1.0GHz,4,2500,2610346833
38251.66772105,39883.5383351,1.0GHz,4,3000,3150490592
53760.71460744998,56057.48383456,1.0GHz,4,3500,3663934834
70042.4827586,73000.54493149,1.0GHz,4,4000,4201410997
85501.92529814999,89101.56497476001,1.0GHz,4,4500,4712923604
101813.6004399,106148.67704432,1.0GHz,4,5000,5252845927
117211.29854505,122123.91928618,1.0GHz,4,5500,5760478051
133441.73631915,139050.17939293,1.0GHz,4,6000,6298161977
5.59078565,6.45873103,1.0GHz,5,500,1557757243
5.647847399999995,6.53328285,1.0GHz,5,1000,1756427999
6.009176,7.226549789999987,1.0GHz,5,1500,1857427923
10.5627658,14.713737999999996,1.0GHz,5,2000,1914456342
6412.998355799999,6629.095322550002,1.0GHz,5,2500,2154805336
19170.747514950002,19996.17346808,1.0GHz,5,3000,2593965771
31835.345728649998,33204.805326680005,1.0GHz,5,3500,3024749947
44576.68728754999,46470.764808600004,1.0GHz,5,4000,3452591930
57596.7716538,60019.9822433,1.0GHz,5,4500,3900192164
70370.5190288,73380.97979202999,1.0GHz,5,5000,4335749642
82846.9545482,86318.0253196,1.0GHz,5,5500,4757352750
96246.39148035001,100288.67143963001,1.0GHz,5,6000,5210143705
5.6098873000000005,6.463371589999999,1.0GHz,6,500,1600792289
5.619350449999999,6.5002977500000005,1.0GHz,6,1000,1774473973
5.701315,6.634722689999999,1.0GHz,6,1500,1878936291
6.189400149999997,7.699920889999995,1.0GHz,6,2000,1943419952
13.797756299999998,18.49302583000001,1.0GHz,6,2500,1999841316
7026.637948899999,7333.48531863,1.0GHz,6,3000,2260348339
17649.73861885,18428.01121361,1.0GHz,6,3500,2631471535
28531.837344449996,29747.67266909,1.0GHz,6,4000,3019927999
39353.82871545,41016.46389645,1.0GHz,6,4500,3402618547
49867.13380245,52005.72046098,1.0GHz,6,5000,3775062663
60848.63587019999,63392.36313615,1.0GHz,6,5500,4158011877
71437.81769295,74439.37320716001,1.0GHz,6,6000,4534734668
5.661105200000001,6.524808919999998,1.0GHz,7,500,1595215155
5.6311124999999995,6.5121057900000014,1.0GHz,7,1000,1801632655
5.656826000000001,6.556497289999999,1.0GHz,7,1500,1901270524
5.801866649999998,6.75702302,1.0GHz,7,2000,1974812328
6.588660699999998,8.66593402000001,1.0GHz,7,2500,2040725183
25.869667399999997,41.29833050000005,1.0GHz,7,3000,2090904132
7730.041591599999,8083.60081506,1.0GHz,7,3500,2381133309
17223.85982555,17975.33934905001,1.0GHz,7,4000,2732884971
26607.734889299998,27731.970952109998,1.0GHz,7,4500,3078866142
36449.412590249995,38015.30485224,1.0GHz,7,5000,3446249967
45156.493816949995,47042.97157092,1.0GHz,7,5500,3757355006
53919.682790549996,56183.2665078,1.0GHz,7,6000,4078567318
5.6717386,6.537946389999999,1.0GHz,8,500,1580192427
5.665778799999998,6.543963540000003,1.0GHz,8,1000,1791216850
5.675059,6.56390795,1.0GHz,8,1500,1916322976
5.746601549999999,6.667079519999997,1.0GHz,8,2000,2001096135
5.972177249999999,7.085634880000006,1.0GHz,8,2500,2065218529
7.2803005,10.020623740000014,1.0GHz,8,3000,2118147287
1467.8769704499998,1559.646580050001,1.0GHz,8,3500,2228033970
9121.807662149999,9530.412346770001,1.0GHz,8,4000,2510681744
17681.31022855,18439.738303600003,1.0GHz,8,4500,2839440057
26394.29767395,27537.32024405,1.0GHz,8,5000,3179075662
34505.9927734,35966.61487347,1.0GHz,8,5500,3481742246
42006.29793915,43755.54122117999,1.0GHz,8,6000,3752214699
5.716210649999999,6.58789424,1.0GHz,9,500,1687210402
5.695815949999998,6.58625342,1.0GHz,9,1000,1823751801
5.7276070500000005,6.6277024399999975,1.0GHz,9,1500,1933505304
5.742839549999994,6.652914249999996,1.0GHz,9,2000,2020592788
5.825298549999998,6.786560070000003,1.0GHz,9,2500,2096033940
6.2290261,7.7269837900000065,1.0GHz,9,3000,2165404063
9.570109249999998,13.783081090000005,1.0GHz,9,3500,2219777887
4222.5475874,4431.21559207,1.0GHz,9,4000,2414531599
10579.828533749998,11051.702944630002,1.0GHz,9,4500,2662356282
18530.608642599997,19346.5842863,1.0GHz,9,5000,2982622980
25745.39143695,26810.936809920004,1.0GHz,9,5500,-258887243802
33694.59859755,35095.5598391,1.0GHz,9,6000,3579446220
5.7350370999999996,6.58981078,1.0GHz,10,500,1645385864
5.733719049999997,6.633339120000003,1.0GHz,10,1000,1835394349
5.772357850000001,6.674219079999999,1.0GHz,10,1500,1955558471
5.773008949999998,6.678209329999996,1.0GHz,10,2000,2045923596
5.875135950000001,6.8375327000000015,1.0GHz,10,2500,2128121871
5.9952191,7.069247140000005,1.0GHz,10,3000,2189210399
6.8448921,9.301309790000001,1.0GHz,10,3500,2260688426
32.8072472,42.82693044,1.0GHz,10,4000,2308020397
5810.940188900001,6072.057817940001,1.0GHz,10,4500,2552320493
13096.877161699998,13681.34622298,1.0GHz,10,5000,2851581750
20318.214343,21157.443848050003,1.0GHz,10,5500,3143948067
28194.34622385,29370.41425304,1.0GHz,10,6000,3471220484
5.738629749999999,6.600122289999997,1.0GHz,11,500,1682198208
5.759371999999998,6.64296002,1.0GHz,11,1000,1847374543
5.7714058,6.681855039999999,1.0GHz,11,1500,1964206824
5.803767549999999,6.708765459999999,1.0GHz,11,2000,2060788853
5.850392449999999,6.77783088000001,1.0GHz,11,2500,2147606990
5.971962249999999,6.992946530000002,1.0GHz,11,3000,2222405504
6.40255655,8.38942598000001,1.0GHz,11,3500,2290022275
10.400074799999995,17.74560216000002,1.0GHz,11,4000,2350863977
3410.35440255,3579.25692798,1.0GHz,11,4500,2523990548
9834.44216785,10279.15542839,1.0GHz,11,5000,2790596921
17268.92718685,17974.339916110002,1.0GHz,11,5500,3107316325
22881.1755241,23822.39988745,1.0GHz,11,6000,3335433661
5.757890449999999,6.635812589999998,1.0GHz,12,500,1622719052
5.765709099999998,6.656433270000003,1.0GHz,12,1000,1846724521
5.79052325,6.696064589999997,1.0GHz,12,1500,1977044194
5.8480317,6.7691500899999975,1.0GHz,12,2000,2078958057
5.976477349999998,6.940699070000001,1.0GHz,12,2500,2172542106
6.05455315,7.202927220000016,1.0GHz,12,3000,2253906645
6.3145362999999985,8.070714600000004,1.0GHz,12,3500,2323652316
8.953037349999999,19.360525510000056,1.0GHz,12,4000,2390852156
2190.9972602999997,2312.1757899900003,1.0GHz,12,4500,2522667187
8695.64224985,9085.29775001,1.0GHz,12,5000,2802262419
14892.21837635,15494.66831525,1.0GHz,12,5500,3067766622
22007.99619275,22889.26100527,1.0GHz,12,6000,3369391948
47.87545639999998,68.63463844999997,1.2GHz,1,500,1635351038
47503.7193304,49450.45763167,1.2GHz,1,1000,3083033672
99839.81451889999,103937.9225913,1.2GHz,1,1500,4626256284
149709.20943814993,156092.38605844998,1.2GHz,1,2000,6103974669
204833.87446199998,213271.55120097002,1.2GHz,1,2500,7723979982
254873.21226834998,265658.21572766,1.2GHz,1,3000,9208106127
307020.60221195,320011.30805456004,1.2GHz,1,3500,10751531619
363508.26398389996,378750.29882864,1.2GHz,1,4000,12412645470
413234.43957459996,430519.84211134,1.2GHz,1,4500,13884444986
468805.63753824995,488636.31728441006,1.2GHz,1,5000,15532169100
519297.95438194997,541107.2944640201,1.2GHz,1,5500,17017607253
578493.14168,602897.4267546099,1.2GHz,1,6000,18759689463
5.394504749999999,7.09796843999999,1.2GHz,2,500,1614106768
33.682109699999955,44.88207392000003,1.2GHz,2,1000,1770163925
24002.65020235,24943.96916308,1.2GHz,2,1500,2534238568
50120.2033819,52248.39400279,1.2GHz,2,2000,3354712298
77415.58806995,80547.26846543001,1.2GHz,2,2500,4204293864
104167.74060684998,108593.57765082,1.2GHz,2,3000,5043702969
130995.74973404998,136552.84080419,1.2GHz,2,3500,5887038335
157469.45353385,164087.90679720003,1.2GHz,2,4000,6708659034
184912.4282527,192663.97830321,1.2GHz,2,4500,7565355877
211150.05986065,220102.18818360002,1.2GHz,2,5000,8391351931
240483.6997028,250584.41104702,1.2GHz,2,5500,-252841418886
267372.38775285,278638.06271949003,1.2GHz,2,6000,10145019378
5.1001178000000005,6.201086839999999,1.2GHz,3,500,1566968462
6.096616399999999,8.189007570000003,1.2GHz,3,1000,1719984855
126.11524100000001,139.1677356,1.2GHz,3,1500,1801384122
19063.18208215,19903.153340980003,1.2GHz,3,2000,2405190742
37291.79073649999,38779.90140898,1.2GHz,3,2500,2978953006
56035.9256644,58419.30408523001,1.2GHz,3,3000,3572008861
74780.16381094998,77963.00447223001,1.2GHz,3,3500,4164853474
93836.6457623,97790.33314005,1.2GHz,3,4000,4766252874
112155.3765561,116856.85258702999,1.2GHz,3,4500,5346400559
131902.6657354,137506.32898788,1.2GHz,3,5000,5977095416
153017.77270625,159416.69458761998,1.2GHz,3,5500,6637301734
169846.2172705,176995.07915718,1.2GHz,3,6000,7172648630
5.142648599999999,6.214715629999994,1.2GHz,4,500,1523021187
5.312545650000001,6.434261340000002,1.2GHz,4,1000,1732754719
6.589234550000003,8.967969789999996,1.2GHz,4,1500,1829879410
1063.28507235,1130.7091363899995,1.2GHz,4,2000,1924369036
15633.68366895,16227.49364989,1.2GHz,4,2500,2403926707
30016.31129105,31300.471190510005,1.2GHz,4,3000,2880043286
46012.337334949996,47992.32209629,1.2GHz,4,3500,3409799011
58975.307369499984,61470.82185965001,1.2GHz,4,4000,3837843447
73521.32463895,76608.32188039001,1.2GHz,4,4500,4316818661
88013.74648644999,91766.63314188,1.2GHz,4,5000,4800857461
102997.63579045,107328.31978593001,1.2GHz,4,5500,5293560728
117783.17434284999,122738.19325764,1.2GHz,4,6000,5782223539
5.24385475,6.325743679999998,1.2GHz,5,500,1562221587
5.254845299999999,6.349357990000001,1.2GHz,5,1000,1763878663
5.463614350000001,6.619494929999991,1.2GHz,5,1500,1857870183
7.2116091,9.777761639999996,1.2GHz,5,2000,1926089186
2091.30832885,2133.7826760099997,1.2GHz,5,2500,2044033586
13946.6518449,14551.0201871,1.2GHz,5,3000,2456134703
25942.51771055,27065.06711744,1.2GHz,5,3500,2868603985
37778.79232269999,39387.564357350006,1.2GHz,5,4000,3276127416
49583.2692893,51669.685113960004,1.2GHz,5,4500,3687076254
60934.70009935,63544.15500953,1.2GHz,5,5000,4085146952
73377.11447249999,76451.67482801,1.2GHz,5,5500,4515053383
86055.21226489998,89679.49779727,1.2GHz,5,6000,4953703810
5.3253330000000005,6.366741179999997,1.2GHz,6,500,1544516676
5.3017579,6.367581610000001,1.2GHz,6,1000,1764200867
5.3438644,6.415282639999997,1.2GHz,6,1500,1872430387
5.714622999999997,6.936782259999995,1.2GHz,6,2000,1949438918
8.28229865,11.345942430000003,1.2GHz,6,2500,1998180554
3125.08649745,3263.73679203,1.2GHz,6,3000,2137461447
13265.109469949999,13853.71155151,1.2GHz,6,3500,2498262404
23350.9190604,24355.69763019,1.2GHz,6,4000,2855704115
33548.261867249996,34969.1750158,1.2GHz,6,4500,3219204711
43939.74823565,45826.757670490006,1.2GHz,6,5000,3596357066
53978.84512585,56230.51673394001,1.2GHz,6,5500,3944036290
64516.40207715,67219.64766917001,1.2GHz,6,6000,4328240690
5.4137378499999995,6.431202969999998,1.2GHz,7,500,1622927425
5.379907,6.41658143,1.2GHz,7,1000,1788471800
5.376337250000001,6.4290753,1.2GHz,7,1500,1894388705
5.492848699999997,6.5637987299999985,1.2GHz,7,2000,1969261316
5.9732482499999975,7.4564350300000015,1.2GHz,7,2500,2031340747
11.148705799999998,15.14229728,1.2GHz,7,3000,2087273526
4953.29241665,5189.3289872000005,1.2GHz,7,3500,2291627068
14062.9960024,14673.058996590002,1.2GHz,7,4000,2630876993
22650.45543485,23614.673084219998,1.2GHz,7,4500,2941933387
31578.331421049996,32949.83040186,1.2GHz,7,5000,3277316500
41295.465298899995,43030.08326293,1.2GHz,7,5500,3635109529
49051.42521175,51087.3035636,1.2GHz,7,6000,3913431571
5.47487425,6.478471769999998,1.2GHz,8,500,1581305767
5.458105599999998,6.45261762,1.2GHz,8,1000,1816194019
5.4482416,6.50025651,1.2GHz,8,1500,1919782806
5.5107597499999965,6.563335399999997,1.2GHz,8,2000,2002011598
5.680516849999991,6.801853210000003,1.2GHz,8,2500,2064709497
6.485620199999997,8.406851310000002,1.2GHz,8,3000,2128222457
19.41906989999999,26.442383390000014,1.2GHz,8,3500,2169712036
6675.072163950001,6976.905652709999,1.2GHz,8,4000,2447763204
14491.980636049999,15115.85323212,1.2GHz,8,4500,2747421556
22578.364873650004,23563.92279691,1.2GHz,8,5000,3061763829
31710.4367768,33030.681559799996,1.2GHz,8,5500,3425921284
38458.9819311,40073.000792160004,1.2GHz,8,6000,3674542900
5.5035995999999985,6.5071251299999995,1.2GHz,9,500,1637942889
5.489773149999998,6.515945880000001,1.2GHz,9,1000,1814474603
5.502924000000001,6.533326129999998,1.2GHz,9,1500,1929000677
5.509536149999999,6.55301678,1.2GHz,9,2000,2016952662
5.620901099999999,6.684901330000005,1.2GHz,9,2500,2102540028
5.955643099999997,7.312168000000005,1.2GHz,9,3000,2162705645
7.55265985,10.715631260000002,1.2GHz,9,3500,2220659293
1308.2563008,1401.57592518,1.2GHz,9,4000,2317804491
9628.186569849999,10044.55800208,1.2GHz,9,4500,2654319316
16434.274480949996,17161.299480010002,1.2GHz,9,5000,2918941258
24031.20437225,25016.605568270003,1.2GHz,9,5500,3219852413
30101.9455808,31350.589089540004,1.2GHz,9,6000,3445637542
5.58183745,6.549813479999998,1.2GHz,10,500,1645579894
5.554256349999999,6.561857340000001,1.2GHz,10,1000,1825776942
5.5740102,6.596426819999997,1.2GHz,10,1500,1952718329
5.585500999999998,6.600047699999999,1.2GHz,10,2000,-260098608072
5.614430299999997,6.65110725,1.2GHz,10,2500,2122176819
5.809305649999997,6.965887860000007,1.2GHz,10,3000,2194273436
6.316731049999998,8.078901300000007,1.2GHz,10,3500,2256603720
12.812386849999998,18.927045099999997,1.2GHz,10,4000,2309666511
4387.04326085,4607.95910498,1.2GHz,10,4500,2511876137
11166.9397974,11662.528277450001,1.2GHz,10,5000,2783829177
17755.07764335,18480.036878389998,1.2GHz,10,5500,3055387381
25038.92686945,26066.97109115,1.2GHz,10,6000,3351903468
5.576686799999999,6.5724383799999995,1.2GHz,11,500,1599761041
5.587792099999999,6.5847852300000005,1.2GHz,11,1000,1823561860
5.6170383500000005,6.619912029999999,1.2GHz,11,1500,1960369676
5.664524049999999,6.673445619999998,1.2GHz,11,2000,2063701687
5.683468799999999,6.715252640000002,1.2GHz,11,2500,2147225155
5.795124799999998,6.882529380000004,1.2GHz,11,3000,2223619612
6.094168149999996,7.587533520000002,1.2GHz,11,3500,2293626269
8.793551199999998,16.882815540000017,1.2GHz,11,4000,2355543408
1875.8500950999999,1995.05136427,1.2GHz,11,4500,2475678598
8260.485387,8635.48527,1.2GHz,11,5000,2741173891
14324.860765449997,14918.94467319,1.2GHz,11,5500,2993404385
22308.171081149998,23222.115525070003,1.2GHz,11,6000,3342609241
5.602580249999999,6.595990629999998,1.2GHz,12,500,1655391392
5.6469110499999955,6.612365270000001,1.2GHz,12,1000,1847704315
5.670713200000001,6.69112847,1.2GHz,12,1500,1975847909
5.687964449999998,6.704854889999997,1.2GHz,12,2000,2075701839
5.766528,6.808283,1.2GHz,12,2500,2172643302
5.8538663,6.982854139999996,1.2GHz,12,3000,2254388943
6.1869104,8.08021268,1.2GHz,12,3500,2328021873
8.412475899999997,17.130049860000007,1.2GHz,12,4000,2394448033
836.2280018499999,888.0593531900003,1.2GHz,12,4500,2475502391
7433.60922845,7757.492395960001,1.2GHz,12,5000,2758802569
13663.89969435,14215.46291777,1.2GHz,12,5500,3021949601
19997.3025363,20814.541550630005,1.2GHz,12,6000,3295330736
25.10398575,36.728914629999956,1.3GHz,1,500,1618367134
40666.16309075,42316.49441494,1.3GHz,1,1000,2879059646
89591.67548435,93265.78537095,1.3GHz,1,1500,4322335370
137371.42780394998,143232.14943927,1.3GHz,1,2000,5740823133
187258.88302774998,194961.13911644,1.3GHz,1,2500,7205403124
235072.51564349997,245029.84724118002,1.3GHz,1,3000,8614190655
283515.1435443,295517.53096029,1.3GHz,1,3500,10047890842
331711.22968954995,345620.27272839996,1.3GHz,1,4000,11465200385
382180.1491216,398178.15916943003,1.3GHz,1,4500,12955686377
433907.47972865,452197.64563618,1.3GHz,1,5000,14486187280
477431.59037995,497484.86419163,1.3GHz,1,5500,15762441948
532212.0987799499,554655.86971023,1.3GHz,1,6000,17373631732
4.9346827499999995,6.298867949999975,1.3GHz,2,500,1509441265
15.940951149999986,23.55061193000002,1.3GHz,2,1000,1744151174
18315.5881702,19018.4313076,1.3GHz,2,1500,2355081983
42827.36905589999,44673.95343749999,1.3GHz,2,2000,3125816766
68519.47608564999,71305.8275669,1.3GHz,2,2500,3925020713
94103.11674565,98099.73358202,1.3GHz,2,3000,4728287639
120864.15521735,125995.24273161001,1.3GHz,2,3500,5566974335
143990.77905479996,150099.95987182998,1.3GHz,2,4000,6291095834
169160.44168709998,176273.44813273,1.3GHz,2,4500,7077347238
194051.24223625,202297.59328236003,1.3GHz,2,5000,7859105979
218069.45237254997,227244.15623482,1.3GHz,2,5500,8608398068
245550.31665095,255902.05843308003,1.3GHz,2,6000,9467402094
4.873123499999998,6.111132269999995,1.3GHz,3,500,1548867129
5.605496199999998,7.346907390000002,1.3GHz,3,1000,1706998621
23.695199700000003,32.65147872999999,1.3GHz,3,1500,1799782685
14745.09683835,15397.823235610002,1.3GHz,3,2000,2281017903
32500.5164523,33792.193003379994,1.3GHz,3,2500,-259304345396
50121.512092499994,52256.45577559001,1.3GHz,3,3000,3402398639
68428.08203474997,71342.85354799,1.3GHz,3,3500,3982791501
85985.2908929,89621.50715048001,1.3GHz,3,4000,4534024892
104561.43843905,108952.3424872,1.3GHz,3,4500,5127258419
121547.47930964999,126716.13561951001,1.3GHz,3,5000,5672595159
140525.79781795,146421.22238316,1.3GHz,3,5500,6272539057
158223.9771671,164889.27980772,1.3GHz,3,6000,6834164268
4.976845149999999,6.217088789999999,1.3GHz,4,500,1557475017
5.070763599999999,6.367693050000003,1.3GHz,4,1000,1746897384
6.07405435,8.022153599999998,1.3GHz,4,1500,1832503243
41.700560299999985,58.911973839999945,1.3GHz,4,2000,1887135916
12817.025338699998,13293.436057510002,1.3GHz,4,2500,2312604371
27007.9970426,28162.407619800008,1.3GHz,4,3000,2783757827
40769.9264232,42515.7457689,1.3GHz,4,3500,3237178175
55048.35108069999,57380.66704797001,1.3GHz,4,4000,3708748745
69007.41647205,71907.03385790999,1.3GHz,4,4500,4170324590
83222.2801661,86772.14648838,1.3GHz,4,5000,4643102982
96711.230819,100764.91415124001,1.3GHz,4,5500,5087333595
111319.344141,115999.17034348,1.3GHz,4,6000,5573681472
5.0989737,6.306641529999993,1.3GHz,5,500,1541659384
5.109986049999999,6.326659460000002,1.3GHz,5,1000,1749159219
5.27699895,6.517968369999999,1.3GHz,5,1500,1855796275
6.593242149999998,8.874310869999992,1.3GHz,5,2000,1931249878
425.78967825,441.96163,1.3GHz,5,2500,2001103032
12056.191344599998,12579.8709044,1.3GHz,5,3000,2406781131
23823.124389599998,24861.401753550002,1.3GHz,5,3500,2818845323
36459.15694954999,38010.3258892,1.3GHz,5,4000,3255624051
46620.77783205,48585.49391695,1.3GHz,5,4500,3610331334
57532.53299785,59997.74800665,1.3GHz,5,5000,3991977878
69601.82808625001,72514.79970185,1.3GHz,5,5500,4410047304
80948.45296335,84349.9225089,1.3GHz,5,6000,4801626379
5.175059699999999,6.358625559999995,1.3GHz,6,500,1566527484
5.174829749999998,6.3576488300000005,1.3GHz,6,1000,1768845509
5.22956985,6.410687819999999,1.3GHz,6,1500,1878053847
5.5478954999999965,6.762395919999994,1.3GHz,6,2000,1947564411
7.408493749999999,10.16643084000002,1.3GHz,6,2500,2000444769
1875.38127785,1960.0396176499999,1.3GHz,6,3000,2100023371
11665.646623149998,12184.644941139999,1.3GHz,6,3500,2450676954
21610.98596225,22555.579054300004,1.3GHz,6,4000,2807701309
32247.268250999998,33597.16036066,1.3GHz,6,4500,3194325074
41181.84206145,42955.36739647,1.3GHz,6,5000,3504706726
51272.84571685,53410.81717801999,1.3GHz,6,5500,3868039902
60613.31849879999,63147.27842491,1.3GHz,6,6000,4196619018
5.3043740999999995,6.410736959999999,1.3GHz,7,500,1625092459
5.261666249999996,6.398027080000002,1.3GHz,7,1000,1798098363
5.2742467500000005,6.4484508599999995,1.3GHz,7,1500,1894247409
5.3787274,6.52327527,1.3GHz,7,2000,1972960892
5.7987375499999985,7.13200762000001,1.3GHz,7,2500,2034407084
9.388659099999996,12.775343140000016,1.3GHz,7,3000,2095771857
3872.7348079999997,4066.7742721200007,1.3GHz,7,3500,2269478626
11799.1727584,12321.259408300002,1.3GHz,7,4000,2548055489
21249.896740300002,22157.76335969,1.3GHz,7,4500,2910192928
29187.673675050002,30453.886381170003,1.3GHz,7,5000,3190051098
38709.513735700006,40328.866266900004,1.3GHz,7,5500,3556936329
47574.67838535,49573.28153821,1.3GHz,7,6000,3890780445
5.382183099999999,6.480854339999998,1.3GHz,8,500,1618999274
5.392917949999998,6.469537379999999,1.3GHz,8,1000,1802667138
5.3582648,6.483062529999996,1.3GHz,8,1500,1914055769
5.388146949999999,6.509582769999998,1.3GHz,8,2000,1995930377
5.572648949999998,6.709542340000001,1.3GHz,8,2500,2070787912
6.2093349,8.096220100000002,1.3GHz,8,3000,2130003764
14.238950399999997,22.521305690000084,1.3GHz,8,3500,2184432701
5582.917329100001,5840.63326996,1.3GHz,8,4000,2416859597
13395.011202149997,13979.09834058,1.3GHz,8,4500,2719766963
21097.4041968,22027.147101590002,1.3GHz,8,5000,3017187405
28262.9689565,29439.7302468,1.3GHz,8,5500,3284345351
36856.9383869,38400.092269910005,1.3GHz,8,6000,3625191709
5.451846649999999,6.510542729999993,1.3GHz,9,500,1704356965
5.444821349999998,6.520130400000002,1.3GHz,9,1000,1815120475
5.4291991,6.51524208,1.3GHz,9,1500,1936394152
5.4584459,6.5554415,1.3GHz,9,2000,2021650464
5.515188299999999,6.634164170000001,1.3GHz,9,2500,2099504269
5.801774399999999,7.054385850000001,1.3GHz,9,3000,2162154438
7.276196899999999,9.807556530000001,1.3GHz,9,3500,2229865080
178.17436634999999,193.69104458,1.3GHz,9,4000,2269010731
7526.4991792499995,7867.288215310001,1.3GHz,9,4500,2563996671
14712.607858349998,15361.35674624,1.3GHz,9,5000,2850855128
21626.22973485,22522.63373123,1.3GHz,9,5500,3123197083
28772.683773099998,29964.53963794,1.3GHz,9,6000,3407935063
5.529356449999999,6.562219049999998,1.3GHz,10,500,1646606747
5.500560999999999,6.552456660000001,1.3GHz,10,1000,1837899042
5.518292300000001,6.5837002799999995,1.3GHz,10,1500,1952361457
5.525349350000001,6.588886039999997,1.3GHz,10,2000,2044838698
5.607019149999999,6.699515930000002,1.3GHz,10,2500,2131430639
5.704572499999998,6.830618390000009,1.3GHz,10,3000,2193492554
6.1788323,7.773571520000015,1.3GHz,10,3500,2257060811
11.289671749999998,20.08386837,1.3GHz,10,4000,2315131708
4085.88059545,4284.78060577,1.3GHz,10,4500,2511348307
10416.01446825,10886.523188629999,1.3GHz,10,5000,2770058705
17429.07584885,18150.70935218,1.3GHz,10,5500,3054526971
23991.92718395,24992.79526077,1.3GHz,10,6000,3328900718
5.5424026,6.564729709999999,1.3GHz,11,500,1636060570
5.578479149999999,6.604152080000001,1.3GHz,11,1000,1841546800
5.577294950000002,6.624060689999998,1.3GHz,11,1500,1966441316
5.578529449999997,6.635474929999998,1.3GHz,11,2000,-260081822958
5.647449799999999,6.733480030000006,1.3GHz,11,2500,2146357116
5.72640415,6.810379620000003,1.3GHz,11,3000,2224564129
6.102397099999999,7.643976710000008,1.3GHz,11,3500,2300609894
7.582382999999985,13.95693186,1.3GHz,11,4000,2349122953
576.9574730999999,619.6025177700002,1.3GHz,11,4500,2422702050
7359.342972349999,7694.681499509999,1.3GHz,11,5000,2710804645
13583.24672965,14155.28502148,1.3GHz,11,5500,2978112249
19909.65642135,20722.93047765,1.3GHz,11,6000,3239609932
5.6012944,6.587681149999996,1.3GHz,12,500,1632552401
5.577351199999999,6.5878256,1.3GHz,12,1000,1860162840
5.631473350000001,6.702648949999999,1.3GHz,12,1500,1976814153
5.65308175,6.698910259999998,1.3GHz,12,2000,2077804557
5.710755149999996,6.777123510000003,1.3GHz,12,2500,2170976803
5.8460594,7.001355560000004,1.3GHz,12,3000,2250971227
6.099361199999999,7.720320730000012,1.3GHz,12,3500,2324138154
7.393328499999998,14.970365279999987,1.3GHz,12,4000,2387984487
157.0842888,164.16621353000005,1.3GHz,12,4500,2442296482
7290.05717295,7605.56359789,1.3GHz,12,5000,2755244838
13350.742192549998,13909.58237899,1.3GHz,12,5500,3014437290
19433.09265695,20203.842975990003,1.3GHz,12,6000,3277474398
13.505039449999995,20.47299035999998,1.5GHz,1,500,1547487737
28080.693202399998,29215.17341895,1.5GHz,1,1000,2509300277
71252.94601325001,74164.49193681,1.5GHz,1,1500,3787641304
113730.87492664995,118590.79789509998,1.5GHz,1,2000,5047703752
156654.34824889997,163096.5070646,1.5GHz,1,2500,6309149193
199856.77109209998,208322.82849057004,1.5GHz,1,3000,7587486801
243705.22991449997,254023.33015319,1.5GHz,1,3500,8885779255
286831.0534207,298862.90957842,1.5GHz,1,4000,10152404307
330792.74868044996,344637.02068698,1.5GHz,1,4500,11450111008
373894.54524979996,389715.84133386,1.5GHz,1,5000,12728811042
420349.73423665,438003.02211041003,1.5GHz,1,5500,14088779668
459864.70712405,479253.04810036,1.5GHz,1,6000,15262524404
4.297072699999999,5.2942181399999955,1.5GHz,2,500,1448301956
8.533916349999997,12.651756730000011,1.5GHz,2,1000,1698497727
8886.229535800001,9192.29171103,1.5GHz,2,1500,2061385347
31386.53658195,32769.838308080005,1.5GHz,2,2000,2770968614
53484.12659655,55648.49587195,1.5GHz,2,2500,3457611998
74816.18900145,77994.79700939001,1.5GHz,2,3000,4127217583
99629.67433744998,103941.94775386,1.5GHz,2,3500,4906356885
120988.07579349997,126084.43546135,1.5GHz,2,4000,5570315696
145447.4307932,151552.47734801003,1.5GHz,2,4500,6336286392
166989.84360854997,174097.18990621003,1.5GHz,2,5000,7011383601
187992.26939625,195844.80106092,1.5GHz,2,5500,7663737949
211902.56491595,220866.07851023,1.5GHz,2,6000,8415996948
4.477465049999999,5.999675699999999,1.5GHz,3,500,1461939189
4.905612899999998,6.4910096100000185,1.5GHz,3,1000,1702620519
9.763388950000007,14.032077949999975,1.5GHz,3,1500,1825045987
8281.534054799999,8661.716793229998,1.5GHz,3,2000,2134657438
25376.536738149996,26383.09061032,1.5GHz,3,2500,2691157722
41705.80728325,43483.55494233,1.5GHz,3,3000,3220496028
58236.54386294999,60719.14385493001,1.5GHz,3,3500,3760574602
74513.42702169999,77658.16334401001,1.5GHz,3,4000,4295918690
91169.07259079997,94993.97543288,1.5GHz,3,4500,4841812068
107601.73128585,112182.93905055,1.5GHz,3,5000,5385946783
123039.59190629999,128202.47392553,1.5GHz,3,5500,5883845411
140199.05476835,146099.19486883,1.5GHz,3,6000,6439391352
4.737095499999999,6.205730099999997,1.5GHz,4,500,1542586688
4.7864018999999995,6.267316060000005,1.5GHz,4,1000,1719107110
5.4413645000000015,6.923453179999995,1.5GHz,4,1500,1822880953
12.443913299999998,17.630066239999994,1.5GHz,4,2000,1884399717
7870.531756599999,8145.082546570001,1.5GHz,4,2500,2156505893
21162.0527415,22070.380156180003,1.5GHz,4,3000,2598144655
34216.637224399994,35691.291032609995,1.5GHz,4,3500,-259106199602
47705.92332245,49732.94794158001,1.5GHz,4,4000,3482571956
59998.95481715,62522.59176332,1.5GHz,4,4500,3887349546
73748.46108719999,76895.74082343001,1.5GHz,4,5000,4351650664
86864.47975545,90503.66473549,1.5GHz,4,5500,4783856894
99781.7126272,103982.86216231,1.5GHz,4,6000,5209871550
4.95925935,6.28050832,1.5GHz,5,500,1540905052
4.961145199999998,6.3219811500000045,1.5GHz,5,1000,1754223598
5.0741258,6.411756739999999,1.5GHz,5,1500,1853106828
5.852289399999998,7.60531555,1.5GHz,5,2000,1922409446
16.737113349999984,23.933076140000004,1.5GHz,5,2500,1976746466
7841.450669950001,8185.78858978,1.5GHz,5,3000,2260530407
19078.430024700003,19912.50451242,1.5GHz,5,3500,2653549908
29966.825894550002,31252.151429190002,1.5GHz,5,4000,3032732166
40480.454068349994,42191.58148267001,1.5GHz,5,4500,3397568024
51342.0188692,53542.90309104,1.5GHz,5,5000,3777121800
62270.784233950006,64878.05542856,1.5GHz,5,5500,4156358256
73948.6446777,77048.94384001,1.5GHz,5,6000,4560963727
5.084851599999995,6.375168769999999,1.5GHz,6,500,1579179734
5.096665149999996,6.362947510000007,1.5GHz,6,1000,1770916609
5.101558850000002,6.359874169999996,1.5GHz,6,1500,1872447904
5.272778849999996,6.532555329999999,1.5GHz,6,2000,1943809538
6.330533099999995,8.315601650000005,1.5GHz,6,2500,2004806880
40.376184499999994,49.363950960000004,1.5GHz,6,3000,2053011774
8546.3618519,8935.140828590002,1.5GHz,6,3500,2368565348
17851.343935599998,18627.515817940002,1.5GHz,6,4000,2703876562
27387.3357003,28552.71168535,1.5GHz,6,4500,3048248849
36641.49585895,38222.737201410004,1.5GHz,6,5000,3383135321
46044.143892500004,47969.42003367,1.5GHz,6,5500,3725914656
55586.530892949995,57918.42722243001,1.5GHz,6,6000,4074659369
5.264399900000001,6.44470015,1.5GHz,7,500,1603717696
5.226341849999999,6.42129705,1.5GHz,7,1000,1773282448
5.266074950000001,6.47560854,1.5GHz,7,1500,1898355491
5.258537749999997,6.46412513999999,1.5GHz,7,2000,1969380457
5.632394999999997,6.895725820000004,1.5GHz,7,2500,2045996044
7.33206605,9.978492970000012,1.5GHz,7,3000,2096525456
992.3126718999999,1057.66652231,1.5GHz,7,3500,2168815981
9560.3013208,9990.93159752,1.5GHz,7,4000,2490602206
17676.69404575,18416.5291288,1.5GHz,7,4500,2787371710
26271.849292950003,27408.570696249997,1.5GHz,7,5000,3113502772
34188.16977105,35610.609619970004,1.5GHz,7,5500,3400984396
43240.93440405,45048.00854504,1.5GHz,7,6000,3747364064
5.369255,6.494872769999998,1.5GHz,8,500,1555804184
5.3607879,6.467873040000002,1.5GHz,8,1000,1784550546
5.307433650000001,6.4610599299999985,1.5GHz,8,1500,1906475893
5.323858499999997,6.485014689999999,1.5GHz,8,2000,1994602377
5.473128749999998,6.662990660000001,1.5GHz,8,2500,2074531982
5.922908649999999,7.421096480000019,1.5GHz,8,3000,2132220006
9.06050385,12.457979080000012,1.5GHz,8,3500,2180780977
3284.2143029000003,3458.5717525,1.5GHz,8,4000,2334059271
10964.833201700001,11448.82123925,1.5GHz,8,4500,2633365450
18836.578123399995,19664.539456569997,1.5GHz,8,5000,2940336406
26019.04291185,27101.29589154,1.5GHz,8,5500,3214069713
33186.994722,34570.60768544,1.5GHz,8,6000,3488988444
5.429705649999999,6.51160652,1.5GHz,9,500,1593780405
5.424498099999996,6.50760639,1.5GHz,9,1000,1802717431
5.408447000000001,6.528695729999998,1.5GHz,9,1500,1927686471
5.416428549999992,6.54089972,1.5GHz,9,2000,2022304088
5.460555799999998,6.599833600000001,1.5GHz,9,2500,2104112046
5.705059249999998,6.937764380000003,1.5GHz,9,3000,2167378667
6.4786328499999986,8.49261734000001,1.5GHz,9,3500,2223690413
29.036574499999997,37.57887600000005,1.5GHz,9,4000,2272261700
5445.58015905,5689.616799400001,1.5GHz,9,4500,2495837055
12426.15856205,12972.963293410001,1.5GHz,9,5000,2775804723
19837.03205745,20647.23463827,1.5GHz,9,5500,3074106998
26451.82014665,27546.590264650004,1.5GHz,9,6000,3337058718
5.493178899999998,6.531826269999999,1.5GHz,10,500,1666072883
5.495521699999999,6.551188840000001,1.5GHz,10,1000,1820285135
5.496146850000001,6.572650409999999,1.5GHz,10,1500,1955675535
5.515768599999997,6.605368739999999,1.5GHz,10,2000,2046905527
5.5886218499999964,6.70957906,1.5GHz,10,2500,2128541792
5.658133949999998,6.79822786,1.5GHz,10,3000,2197311513
6.028437349999996,7.645353010000006,1.5GHz,10,3500,2258290667
7.908255449999999,11.688183510000007,1.5GHz,10,4000,2309974372
1834.9542281,1927.12462979,1.5GHz,10,4500,2431302309
8827.846749999999,9220.87736029,1.5GHz,10,5000,2725850260
14783.644651799998,15399.3592973,1.5GHz,10,5500,2966939731
21207.641022499996,22075.22572481,1.5GHz,10,6000,3230177400
5.530416699999999,6.567453229999998,1.5GHz,11,500,1654124183
5.546281299999996,6.58090986,1.5GHz,11,1000,1830884046
5.553197500000001,6.603954259999997,1.5GHz,11,1500,1964645850
5.567623549999991,6.6369507,1.5GHz,11,2000,2061071933
5.651951099999998,6.74647325,1.5GHz,11,2500,2150805346
5.6953847,6.830451340000003,1.5GHz,11,3000,2222774034
5.918275299999998,7.247813240000012,1.5GHz,11,3500,2300508576
6.85588395,11.234002180000036,1.5GHz,11,4000,2352130209
97.55922215000001,107.72564184000002,1.5GHz,11,4500,2417682043
5665.7360166,5917.212662389999,1.5GHz,11,5000,2652233201
12508.24529325,13041.330057349998,1.5GHz,11,5500,2947832603
19017.20042485,19786.876742779998,1.5GHz,11,6000,3223256031
5.58669975,6.59028391,1.5GHz,12,500,1632974702
5.5776314,6.58925984,1.5GHz,12,1000,1848162138
5.617244750000001,6.685479119999999,1.5GHz,12,1500,1975898995
5.630861149999995,6.700932009999996,1.5GHz,12,2000,2075629330
5.6605984,6.7383094800000025,1.5GHz,12,2500,2170325193
5.8085083499999985,6.944004810000005,1.5GHz,12,3000,2254837245
6.0130363,7.552616530000003,1.5GHz,12,3500,2324309662
6.993914399999999,13.21872398000004,1.5GHz,12,4000,2393104042
52.114929249999996,60.50809434999998,1.5GHz,12,4500,2451774180
5926.959905899999,6194.418255799999,1.5GHz,12,5000,2707153165
13061.3419497,13604.59292088,1.5GHz,12,5500,3018398340
18145.107464200002,18888.99325371,1.5GHz,12,6000,3235866289
9.14125145,13.589847479999992,1.7GHz,1,500,1485509808
19083.1063597,19839.868575919998,1.7GHz,1,1000,2243300776
57252.629381549996,59574.92714283,1.7GHz,1,1500,-258769108362
95819.37598224996,99912.12297011999,1.7GHz,1,2000,4518791838
137627.18399155,143282.43039906,1.7GHz,1,2500,5747176633
172846.45778179998,180176.60526774003,1.7GHz,1,3000,6788887284
212144.14661674996,221127.42651915,1.7GHz,1,3500,7951877714
254326.1396583,265004.00429310004,1.7GHz,1,4000,9192037992
294045.33272894996,306351.79781673,1.7GHz,1,4500,10364457231
332489.42515434994,346562.23235552997,1.7GHz,1,5000,11505615077
369636.93893274997,385160.26917620003,1.7GHz,1,5500,12601055144
414729.73277994996,432218.21275610005,1.7GHz,1,6000,13930728009
3.75768515,4.453558249999997,1.7GHz,2,500,1477601015
5.823374549999999,8.565930540000005,1.7GHz,2,1000,1666910771
3129.30448175,3201.5228100500003,1.7GHz,2,1500,1883662964
23244.314902399998,24231.8820385,1.7GHz,2,2000,2516720486
41836.46526185,43518.417460360004,1.7GHz,2,2500,3096377388
62399.19215905,65058.47290708,1.7GHz,2,3000,3741150884
83874.31391669999,87421.95598504,1.7GHz,2,3500,4412113766
101215.85103369999,105483.27194277,1.7GHz,2,4000,4952420672
124864.4897025,130100.16216809,1.7GHz,2,4500,5693968578
141432.02193509997,147512.80082654,1.7GHz,2,5000,6218927805
161479.85971045,168292.22863644,1.7GHz,2,5500,6840717839
180568.18364325003,188177.55736913002,1.7GHz,2,6000,7440468563
4.180275249999999,6.023793959999998,1.7GHz,3,500,1504096064
4.442668099999994,6.187196400000003,1.7GHz,3,1000,1712649607
6.9854716,9.91500495999999,1.7GHz,3,1500,1835409852
3462.4165843,3632.8353004,1.7GHz,3,2000,2003226622
19165.48186365,19907.91601574,1.7GHz,3,2500,2520119831
33835.001878799994,35281.639126320006,1.7GHz,3,3000,3005521664
49367.39373984999,51479.99103093,1.7GHz,3,3500,3516635712
65213.956761299996,67948.85206159,1.7GHz,3,4000,4039852207
79897.39493055,83262.67220141,1.7GHz,3,4500,4525403027
93707.71601885,97692.6811153,1.7GHz,3,5000,4982763916
109433.9241787,114022.18838758001,1.7GHz,3,5500,5502182569
126478.2487148,131793.71079207002,1.7GHz,3,6000,6066147068
4.6675944,6.1656871299999985,1.7GHz,4,500,1482183949
4.634620399999991,6.210685480000007,1.7GHz,4,1000,1719861991
5.039438500000001,6.5378867799999885,1.7GHz,4,1500,1830926404
7.7513221499999725,10.757489059999992,1.7GHz,4,2000,1893891025
4086.16350855,4209.0914950199995,1.7GHz,4,2500,2064661585
16973.25080325,17702.83548958,1.7GHz,4,3000,2496659624
28696.31503405,29934.55894618001,1.7GHz,4,3500,2893113749
40993.30139234999,42738.84415975,1.7GHz,4,4000,3309922984
54031.6332033,56306.35215672,1.7GHz,4,4500,3750594280
65853.79984605,68665.39116698,1.7GHz,4,5000,4153597704
78155.71753645,81429.50116124,1.7GHz,4,5500,4563316992
89536.0261941,93296.05902976,1.7GHz,4,6000,4948293973
4.94294345,6.284328429999987,1.7GHz,5,500,1521607066
4.89838155,6.288387490000002,1.7GHz,5,1000,1750480138
4.989675450000001,6.387239849999999,1.7GHz,5,1500,1857873784
5.397253999999999,6.789854189999999,1.7GHz,5,2000,1921563989
9.348380299999999,12.978250920000017,1.7GHz,5,2500,1973818922
4914.35321545,5132.13236889,1.7GHz,5,3000,2168948671
15246.1519381,15917.84206975,1.7GHz,5,3500,2527833677
25841.2549047,26952.75286022,1.7GHz,5,4000,2897243804
36039.14697554999,37545.927338019996,1.7GHz,5,4500,3253495272
46310.92713675,48302.9028996,1.7GHz,5,5000,3614500757
56687.09777955,59059.86721352,1.7GHz,5,5500,3978731819
66802.90638229999,69609.72867644,1.7GHz,5,6000,4341120113
5.0984084,6.353296069999995,1.7GHz,6,500,1565373373
5.0489606,6.316731170000003,1.7GHz,6,1000,1764877623
5.063490450000001,6.371007229999998,1.7GHz,6,1500,1884939450
5.172035249999998,6.486503349999998,1.7GHz,6,2000,1958836660
5.832623249999999,7.460759630000001,1.7GHz,6,2500,2023565376
12.053604449999995,17.688382210000007,1.7GHz,6,3000,2074119385
5812.322589750001,6090.86248242,1.7GHz,6,3500,2307488234
14586.2702152,15227.19524939,1.7GHz,6,4000,2625700676
24125.9615986,25147.02287712,1.7GHz,6,4500,2978173589
33038.012764549996,34462.79717604,1.7GHz,6,5000,-258840075099
41704.11565305,43443.08490833,1.7GHz,6,5500,3617766190
50584.430910949995,52708.27636979001,1.7GHz,6,6000,3947300564
5.223556899999999,6.403539389999993,1.7GHz,7,500,1572519900
5.185895749999999,6.399672230000001,1.7GHz,7,1000,1778374903
5.2093147,6.426044349999997,1.7GHz,7,1500,1902005506
5.232133549999994,6.446083139999995,1.7GHz,7,2000,1981068292
5.402179949999999,6.653039220000003,1.7GHz,7,2500,2044023454
6.357849249999999,8.362656920000008,1.7GHz,7,3000,2100793511
30.54333979999999,38.69685613,1.7GHz,7,3500,2145232851
6595.72127365,6905.14725729,1.7GHz,7,4000,2396018585
15600.91707,16266.274816,1.7GHz,7,4500,2741998657
23837.0423591,24868.67663699,1.7GHz,7,5000,3056758715
30646.80445185,31922.5117072,1.7GHz,7,5500,3300733799
39450.931281699995,41103.00923188,1.7GHz,7,6000,3640706012
5.308159599999999,6.464958049999998,1.7GHz,8,500,1576395866
5.320597749999995,6.458137720000002,1.7GHz,8,1000,1789615780
5.32328445,6.47963279,1.7GHz,8,1500,1917890659
5.312162849999999,6.491224399999998,1.7GHz,8,2000,2002465272
5.431545399999999,6.641970890000001,1.7GHz,8,2500,2086239715
5.64503445,6.927805470000005,1.7GHz,8,3000,2131350074
7.132588699999994,9.83599998000001,1.7GHz,8,3500,2188123610
842.3987912,914.33991834,1.7GHz,8,4000,2262145698
8892.912373399999,9288.299188410001,1.7GHz,8,4500,2582379071
15533.570884399998,16215.699856180001,1.7GHz,8,5000,2832057936
22808.825032,23748.889425,1.7GHz,8,5500,3115437459
30478.862637650003,31748.53294176,1.7GHz,8,6000,3420995698
5.4399552,6.508939849999999,1.7GHz,9,500,1629786782
5.409333449999996,6.501473910000003,1.7GHz,9,1000,1814681085
5.425621200000002,6.544089139999998,1.7GHz,9,1500,1947420612
5.396538249999995,6.530665039999999,1.7GHz,9,2000,2029665642
5.435551649999997,6.5879318300000005,1.7GHz,9,2500,2112369776
5.58292405,6.772771329999999,1.7GHz,9,3000,2176715253
6.063171799999998,7.737435130000003,1.7GHz,9,3500,2232045372
10.308780650000001,15.416177640000006,1.7GHz,9,4000,2281030416
4333.54288785,4542.206508779999,1.7GHz,9,4500,2488796302
11051.43870985,11552.45639741,1.7GHz,9,5000,2764513065
16582.48452975,17264.641635279997,1.7GHz,9,5500,2976010265
25154.9469238,26188.749299439998,1.7GHz,9,6000,3337151613
5.4845827,6.55378731,1.7GHz,10,500,1626883897
5.483930149999999,6.543512370000001,1.7GHz,10,1000,1817714829
5.499965400000002,6.58106742,1.7GHz,10,1500,1957678521
5.490667799999999,6.576257189999998,1.7GHz,10,2000,2050422181
5.523371549999998,6.6319538700000065,1.7GHz,10,2500,2132928866
5.58023615,6.72374438,1.7GHz,10,3000,2202723121
5.847807749999999,7.192977660000002,1.7GHz,10,3500,2265062012
7.239506349999999,10.084584690000005,1.7GHz,10,4000,2323375644
190.65688755,215.25337701000012,1.7GHz,10,4500,2376904682
6239.9112986,6525.61518308,1.7GHz,10,5000,2628965132
13066.106356299997,13617.622249600001,1.7GHz,10,5500,2917304543
19541.09264965,20353.49983679,1.7GHz,10,6000,3188441850
5.54062215,6.583613469999999,1.7GHz,11,500,1596338260
5.5700131999999964,6.624773410000002,1.7GHz,11,1000,1829724075
5.5760856,6.6457766,1.7GHz,11,1500,1967809598
5.563362999999999,6.639548499999998,1.7GHz,11,2000,2066576558
5.581284399999998,6.685429240000002,1.7GHz,11,2500,2153243877
5.659576149999998,6.793638630000002,1.7GHz,11,3000,2232922567
5.911482599999998,7.355965480000001,1.7GHz,11,3500,2302890956
6.5130536999999995,9.915652100000008,1.7GHz,11,4000,2363192192
20.566299449999995,30.562798050000026,1.7GHz,11,4500,2425078814
4876.6246179,5100.71924235,1.7GHz,11,5000,2648715326
10527.73163355,10968.82473675,1.7GHz,11,5500,2888286551
16938.0234144,17611.178556930005,1.7GHz,11,6000,3156937780
5.558088649999999,6.5708797400000005,1.7GHz,12,500,1656501253
5.58976315,6.602521210000002,1.7GHz,12,1000,1860731504
5.592007500000002,6.65745009,1.7GHz,12,1500,1982063102
5.6214276,6.674612819999996,1.7GHz,12,2000,2082775980
5.708933199999999,6.821982330000001,1.7GHz,12,2500,2181733062
5.748431299999998,6.891157150000002,1.7GHz,12,3000,2259292373
5.9438002999999995,7.351953330000006,1.7GHz,12,3500,2333805794
6.6394788999999985,11.205577870000022,1.7GHz,12,4000,2404254893
40.365825149999985,48.63351430000006,1.7GHz,12,4500,2467659027
5087.311165,5329.135443,1.7GHz,12,5000,2696609490
12054.4600718,12573.514289090002,1.7GHz,12,5500,2997809281
17888.065664849997,18585.35455414,1.7GHz,12,6000,3247950608
7.120636899999999,10.557620189999996,1.9GHz,1,500,1446778218
12477.64206125,12959.32042726,1.9GHz,1,1000,2051104307
47251.602095350005,49162.86453042999,1.9GHz,1,1500,3078970084
84793.04497559996,88421.9529352,1.9GHz,1,2000,4192868295
116756.329539,121545.69354036001,1.9GHz,1,2500,5129434378
155660.03194374996,162262.39754951003,1.9GHz,1,3000,6279348732
187612.1658368,195558.76547787,1.9GHz,1,3500,7224586852
224679.376989,234126.43742672,1.9GHz,1,4000,8313309712
261131.79870199997,272059.86596362,1.9GHz,1,4500,9392202641
294940.99967454997,307425.82009522006,1.9GHz,1,5000,10395372252
331141.56792915,345044.52526248,1.9GHz,1,5500,11466715274
372577.64377639996,388281.43302632,1.9GHz,1,6000,12693663427
3.3971042999999996,3.9858822699999936,1.9GHz,2,500,1434132621
4.736033999999997,6.66389535000001,1.9GHz,2,1000,1659004359
32.882786200000005,48.49627553,1.9GHz,2,1500,-260353439390
15341.452012049998,16019.880837319997,1.9GHz,2,2000,2280315330
34374.3512854,35741.93178249,1.9GHz,2,2500,2874099881
52964.488938899995,55249.840968239994,1.9GHz,2,3000,3463022079
71934.17544119997,74996.21582904,1.9GHz,2,3500,4064355928
88386.09903159998,92107.26629812,1.9GHz,2,4000,4581157645
106760.10030240001,111229.71352399,1.9GHz,2,4500,5156220321
124836.45858785,130143.79981078001,1.9GHz,2,5000,5728292037
145056.791971,151160.9080174,1.9GHz,2,5500,6365695984
165189.36876955,172148.82623756002,1.9GHz,2,6000,6992031722
3.9838013499999962,6.018745609999997,1.9GHz,3,500,1516245997
4.146616049999999,6.03212973,1.9GHz,3,1000,1723524701
5.649224550000001,7.68209762999998,1.9GHz,3,1500,1818855512
117.69704874999994,131.91856020999998,1.9GHz,3,2000,1889456589
13551.087465249999,14059.667518569999,1.9GHz,3,2500,2332093029
28150.3543813,29339.192791900005,1.9GHz,3,3000,2815364069
42647.520594099995,44475.38851146,1.9GHz,3,3500,3292959527
55897.66710365,58266.628011930006,1.9GHz,3,4000,3732606106
71305.03019319999,74290.01474105,1.9GHz,3,4500,4240737374
86841.08978255,90534.34969141001,1.9GHz,3,5000,4756200592
98952.5003446,103100.42582649,1.9GHz,3,5500,5155236009
114763.91608149999,119592.38279578,1.9GHz,3,6000,5672547307
4.605360249999999,6.175984129999999,1.9GHz,4,500,1561240999
4.546855399999991,6.182674360000001,1.9GHz,4,1000,1732516012
4.7669911,6.3696112399999985,1.9GHz,4,1500,1841516099
6.202245749999998,8.383256359999983,1.9GHz,4,2000,1919826445
765.1986898499999,775.15436021,1.9GHz,4,2500,2006000480
12863.6880394,13426.15463847,1.9GHz,4,3000,2426872388
24252.190139399998,25297.855078720007,1.9GHz,4,3500,2823469579
35516.84223645,37033.61658998,1.9GHz,4,4000,3210144919
48178.2932482,50207.26763087,1.9GHz,4,4500,3652584644
58537.063143650004,61045.91916009,1.9GHz,4,5000,4012996562
71511.8451074,74503.78627189,1.9GHz,4,5500,4462043814
83185.23081585,86682.22106890999,1.9GHz,4,6000,4868396107
4.943917699999999,6.290365639999998,1.9GHz,5,500,1544462782
4.83707585,6.257870190000001,1.9GHz,5,1000,1763644716
4.864554200000001,6.284033479999997,1.9GHz,5,1500,1857490912
5.16855775,6.59466721,1.9GHz,5,2000,1930030032
7.301166699999997,10.02098832000001,1.9GHz,5,2500,1979916318
2114.4245568,2210.31087024,1.9GHz,5,3000,2086146637
12094.93206915,12636.452301850002,1.9GHz,5,3500,2441333289
22639.58663045,23618.931636480007,1.9GHz,5,4000,2815600641
31830.163448549996,33183.138216629995,1.9GHz,5,4500,3138683860
41672.516295249996,43463.038740070006,1.9GHz,5,5000,3484359671
51764.41049264999,53926.32728179,1.9GHz,5,5500,3836854863
61366.375179049995,63938.04482268,1.9GHz,5,6000,4176155996
5.0895812,6.344263599999999,1.9GHz,6,500,1548242741
5.039712649999999,6.322619630000001,1.9GHz,6,1000,1757553851
5.017194250000001,6.327558,1.9GHz,6,1500,1880440437
5.096426799999999,6.411799489999999,1.9GHz,6,2000,1958237114
5.4842722499999965,6.855472300000011,1.9GHz,6,2500,2018051535
8.292512449999991,11.614371640000018,1.9GHz,6,3000,2067183734
3431.73843245,3605.1217676600004,1.9GHz,6,3500,2222684374
12496.09734185,13060.44574942,1.9GHz,6,4000,2557970563
20622.3624393,21494.61541649,1.9GHz,6,4500,2858314093
29718.9863773,31004.277941329998,1.9GHz,6,5000,3207225127
37625.1930797,39198.95136708,1.9GHz,6,5500,3483362908
47513.898973,49485.74535933001,1.9GHz,6,6000,3843580248
5.2704865,6.48190738,1.9GHz,7,500,1586112089
5.2022520499999985,6.417558510000002,1.9GHz,7,1000,1809965093
5.1865029,6.407794589999998,1.9GHz,7,1500,1904076608
5.1759769,6.41578493,1.9GHz,7,2000,1983285145
5.368313749999998,6.610955040000002,1.9GHz,7,2500,2060146886
5.872433549999999,7.521953730000005,1.9GHz,7,3000,2110429656
12.188281499999999,17.11040044,1.9GHz,7,3500,2163369950
4944.9762443,5193.86882877,1.9GHz,7,4000,2379591382
12979.498017549999,13534.794374530002,1.9GHz,7,4500,2687183367
20194.09435895,21080.672209239998,1.9GHz,7,5000,2959998526
27922.5166844,29094.47132444,1.9GHz,7,5500,3251864966
36601.18828054999,38127.183735470004,1.9GHz,7,6000,3595846142
5.345110049999999,6.47254066,1.9GHz,8,500,1536543125
5.31787005,6.4634470900000025,1.9GHz,8,1000,1788797179
5.29095145,6.467090909999996,1.9GHz,8,1500,1920081144
5.330401499999999,6.491993869999999,1.9GHz,8,2000,2012304236
5.429135349999999,6.6263603600000005,1.9GHz,8,2500,2093773082
5.59040975,6.888974620000001,1.9GHz,8,3000,2144703310
6.518143,8.725213490000002,1.9GHz,8,3500,2193804747
52.68179174999999,61.08875254000004,1.9GHz,8,4000,2244408256
6457.653105699999,6739.62396273,1.9GHz,8,4500,2498687390
13553.755650299998,14157.10063162,1.9GHz,8,5000,2779077053
20811.99322495,21666.405970149997,1.9GHz,8,5500,3067599019
27968.881521199994,29128.39983423,1.9GHz,8,6000,3344769636
5.43422165,6.497651499999997,1.9GHz,9,500,1616174085
5.410972749999996,6.501904320000001,1.9GHz,9,1000,1817355638
5.4074116,6.533203259999997,1.9GHz,9,1500,1941884311
5.394025649999999,6.535597819999998,1.9GHz,9,2000,2032495102
5.427548649999998,6.591268520000001,1.9GHz,9,2500,2116178237
5.50992905,6.714418490000002,1.9GHz,9,3000,2169907897
5.860276849999999,7.268382000000002,1.9GHz,9,3500,2240215945
8.192209199999988,12.187549260000003,1.9GHz,9,4000,2287408817
2974.8631823999995,3106.5742533400007,1.9GHz,9,4500,2457622554
9260.2373232,9661.70664803,1.9GHz,9,5000,2711017718
15040.3973487,15659.94509082,1.9GHz,9,5500,2938484238
21548.86028835,22434.98623106,1.9GHz,9,6000,3201197371
5.4627327999999995,6.542784519999998,1.9GHz,10,500,-260492330880
5.4833058,6.54654434,1.9GHz,10,1000,1823780671
5.4778913000000005,6.562380589999998,1.9GHz,10,1500,1956134335
5.481298749999997,6.590794709999998,1.9GHz,10,2000,2052665705
5.500814899999998,6.6390159,1.9GHz,10,2500,2137432272
5.570500549999999,6.7231502600000015,1.9GHz,10,3000,2204917634
5.7196206499999995,6.97325953,1.9GHz,10,3500,2272636943
6.654696249999998,9.03224699,1.9GHz,10,4000,2334862980
74.97040685,82.45532029000002,1.9GHz,10,4500,2396048859
5921.6458440999995,6213.49886763,1.9GHz,10,5000,2650206655
12181.69701575,12669.629534840002,1.9GHz,10,5500,2908654907
18173.7608541,18919.92983053,1.9GHz,10,6000,3162342368
5.550939850000001,6.5582119799999985,1.9GHz,11,500,1635544214
5.528301949999998,6.5801566199999995,1.9GHz,11,1000,1858198368
5.5324507500000015,6.609113569999996,1.9GHz,11,1500,1977412418
5.552514149999997,6.647596239999998,1.9GHz,11,2000,2071509712
5.560636249999999,6.672233330000001,1.9GHz,11,2500,2158500944
5.652196599999999,6.8030523500000015,1.9GHz,11,3000,2244533256
5.789739199999996,7.027343580000004,1.9GHz,11,3500,2310744450
6.25514945,8.594879230000009,1.9GHz,11,4000,2374256495
15.986013199999999,25.731061370000003,1.9GHz,11,4500,2431514711
3502.30459945,3673.09628584,1.9GHz,11,5000,2599773007
9961.87951055,10359.42462001,1.9GHz,11,5500,2874208219
16060.9029076,16723.40279787,1.9GHz,11,6000,3144025277
5.5859155000000005,6.5867059999999995,1.9GHz,12,500,1715514468
5.554596699999999,6.59530428,1.9GHz,12,1000,1865555954
5.615553450000001,6.678174619999998,1.9GHz,12,1500,1984751328
5.619915349999996,6.700297469999999,1.9GHz,12,2000,2087282925
5.667177449999998,6.753908610000002,1.9GHz,12,2500,2182678312
5.765019999999997,6.914776240000005,1.9GHz,12,3000,2267262567
5.913114649999999,7.224971590000004,1.9GHz,12,3500,2344047466
6.4336529,9.521972610000017,1.9GHz,12,4000,2406115178
18.253999699999998,36.409754310000004,1.9GHz,12,4500,2465062293
3923.1187886999996,4113.8636773,1.9GHz,12,5000,2657543367
9849.8551104,10233.352821860002,1.9GHz,12,5500,2911179315
16622.6883599,17274.15922159,1.9GHz,12,6000,3210411092
5.645544299999999,8.28069790999999,2.1GHz,1,500,1453707582
6765.649510949999,7011.6065534,2.1GHz,1,1000,1879029003
38880.266987200004,40442.44477447999,2.1GHz,1,1500,2826491422
70329.53726259997,73346.25570798999,2.1GHz,1,2000,3759987017
102642.58565574998,106846.62204816,2.1GHz,1,2500,4708288056
138823.10217109995,144708.03413576004,2.1GHz,1,3000,5778198464
169054.52622554998,176209.98097629004,2.1GHz,1,3500,6671795237
201199.9746234,209648.77368386,2.1GHz,1,4000,7617298920
239785.63595035,249820.40469109002,2.1GHz,1,4500,8757830913
272101.39043605,283618.89164705,2.1GHz,1,5000,9718355980
304733.27883975,317526.87196001003,2.1GHz,1,5500,10678582282
337764.15967554995,352001.41479986004,2.1GHz,1,6000,11647565825
3.1066303,3.595579179999998,2.1GHz,2,500,1410710317
3.9175641999999975,5.38352294,2.1GHz,2,1000,1669130797
11.755060900000002,17.451974689999975,2.1GHz,2,1500,1835570618
9488.6889044,9918.999335740002,2.1GHz,2,2000,2195935235
28037.55861035,29157.38754418,2.1GHz,2,2500,2807386917
43138.62084435,44976.94023493001,2.1GHz,2,3000,3307527482
60539.35804339999,63122.82377025,2.1GHz,2,3500,3889127801
76940.02618504998,80195.50411488001,2.1GHz,2,4000,4432540960
96915.20907475,100985.22792943001,2.1GHz,2,4500,5091666653
112833.6246892,117708.39568511001,2.1GHz,2,5000,5617571740
128605.32729374999,134063.26832747,2.1GHz,2,5500,6141183497
146573.49420785002,152664.85428643,2.1GHz,2,6000,6725300472
3.92130435,5.969222979999998,2.1GHz,3,500,1494199971
3.934217349999999,5.895737090000002,2.1GHz,3,1000,1722319016
4.909325900000002,6.651445619999993,2.1GHz,3,1500,1827992452
15.178452599999966,20.739869859999974,2.1GHz,3,2000,1883295594
9660.5929227,10007.6442093,2.1GHz,3,2500,2216441103
22342.9817395,23302.46579745,2.1GHz,3,3000,2635356779
35745.00210269999,37281.05006938001,2.1GHz,3,3500,3080193531
49795.3292991,51910.50702392001,2.1GHz,3,4000,3548117199
63151.74616125,65809.09938156001,2.1GHz,3,4500,3994776273
75265.20150555,78477.64467353001,2.1GHz,3,5000,4399532560
89719.12947014999,93482.05105969,2.1GHz,3,5500,4874262119
102163.94125335,106458.11239946,2.1GHz,3,6000,5291815188
4.601677549999999,6.174067769999995,2.1GHz,4,500,1539885218
4.50161965,6.152358890000001,2.1GHz,4,1000,1742428767
4.5980385,6.296995499999998,2.1GHz,4,1500,1844395058
5.586057049999997,7.464047009999996,2.1GHz,4,2000,1923168722
20.526733649999983,30.72387331000003,2.1GHz,4,2500,1979111388
8861.94239125,9249.721206880002,2.1GHz,4,3000,2294485154
19725.402506249997,20584.92618205,2.1GHz,4,3500,2673425285
31410.740836999994,32757.79565416,2.1GHz,4,4000,3080208667
42420.19555215,44217.72287681,2.1GHz,4,4500,3466813390
53621.72145935,55922.1564836,2.1GHz,4,5000,-258282443105
63429.9989445,66087.89842643,2.1GHz,4,5500,4196012391
75492.60164980001,78663.19380664,2.1GHz,4,6000,4616985983
4.942937949999998,6.259282909999995,2.1GHz,5,500,1521249768
4.846891699999998,6.256155820000001,2.1GHz,5,1000,1745316699
4.824338400000004,6.266508869999997,2.1GHz,5,1500,1859001955
4.962060449999999,6.434992989999995,2.1GHz,5,2000,1933975152
6.101044599999998,8.245791610000007,2.1GHz,5,2500,1988740453
51.069261649999994,58.65661222000006,2.1GHz,5,3000,2040650477
9120.6617306,9535.126961580003,2.1GHz,5,3500,2375476951
18461.542523,19266.494036520002,2.1GHz,5,4000,2704933139
27926.784040149996,29099.60947509,2.1GHz,5,4500,3049518683
37619.1611073,39241.45426227,2.1GHz,5,5000,3398730557
46464.7075952,48405.038545170006,2.1GHz,5,5500,3719668944
55843.55007165,58171.54691928,2.1GHz,5,6000,4043438013
5.080452749999999,6.355323259999999,2.1GHz,6,500,1549270753
5.044177049999999,6.3132738600000025,2.1GHz,6,1000,1762983463
5.004574400000001,6.3205408,2.1GHz,6,1500,1881019599
5.0498771,6.393406499999998,2.1GHz,6,2000,1967226409
5.2987252,6.676221350000004,2.1GHz,6,2500,2024641789
6.666224299999998,8.968543370000017,2.1GHz,6,3000,2072764286
812.8817197,871.7892897800001,2.1GHz,6,3500,2150723742
9153.987056699998,9570.28767067,2.1GHz,6,4000,2456219725
18721.2544698,19516.597820110004,2.1GHz,6,4500,2811388006
26006.03794065,27142.87412246,2.1GHz,6,5000,3082274641
33846.6306549,35256.88529107,2.1GHz,6,5500,3370380470
43515.42118785,45334.64141732,2.1GHz,6,6000,3746743155
5.216699649999999,6.416577919999998,2.1GHz,7,500,1590521319
5.192933549999999,6.40421419,2.1GHz,7,1000,1804036031
5.16779905,6.407913049999999,2.1GHz,7,1500,1918396090
5.174327999999994,6.409252199999999,2.1GHz,7,2000,1996432755
5.285729399999999,6.575465460000005,2.1GHz,7,2500,2067797075
5.64752065,7.115322980000008,2.1GHz,7,3000,2118720040
7.965565749999998,10.837089650000001,2.1GHz,7,3500,2169132081
2549.1150887999993,2687.9659045800004,2.1GHz,7,4000,2299509982
10087.90525105,10527.51940529,2.1GHz,7,4500,2590088523
17636.109004049995,18410.78226459,2.1GHz,7,5000,2880668895
24841.20483445,25870.484795449996,2.1GHz,7,5500,3156421729
34110.9095514,35539.14968035,2.1GHz,7,6000,3532736867
5.344305649999999,6.47377162,2.1GHz,8,500,1577096610
5.307442999999999,6.458190230000001,2.1GHz,8,1000,1806778516
5.2989585,6.47057841,2.1GHz,8,1500,1937057419
5.29266784999999,6.484992039999999,2.1GHz,8,2000,2016501429
5.309477299999997,6.524083780000002,2.1GHz,8,2500,2095095711
5.430322699999995,6.7022416400000004,2.1GHz,8,3000,2149811574
6.1133181,7.995372260000007,2.1GHz,8,3500,2210467608
17.492426299999984,27.242476540000002,2.1GHz,8,4000,2260539684
4822.03454145,5047.47986261,2.1GHz,8,4500,2460737719
11524.697222249999,12041.242118440001,2.1GHz,8,5000,2726775307
19006.1555008,19790.34885946,2.1GHz,8,5500,3028546019
25396.67500335,26464.67022874,2.1GHz,8,6000,3283987260
5.430300149999999,6.512970099999997,2.1GHz,9,500,1671204523
5.415049599999996,6.52270586,2.1GHz,9,1000,1841279954
5.395511550000002,6.519057279999999,2.1GHz,9,1500,1957804131
5.364207649999998,6.5017212099999995,2.1GHz,9,2000,2040441249
5.450576999999997,6.6442754200000005,2.1GHz,9,2500,2126119130
5.4954678,6.708954760000003,2.1GHz,9,3000,2198922288
5.6829819,6.99857424,2.1GHz,9,3500,2243345637
7.0812582,9.933968870000008,2.1GHz,9,4000,2303116479
941.6282144999999,1027.6418146900003,2.1GHz,9,4500,2389814378
7331.965730749999,7679.034075580001,2.1GHz,9,5000,2651524523
13567.60556425,14128.293697399999,2.1GHz,9,5500,2907674381
20989.9216763,21860.95214396,2.1GHz,9,6000,3223125476
5.511819649999998,6.58461377,2.1GHz,10,500,1684804830
5.465018849999994,6.557102380000001,2.1GHz,10,1000,1861021908
5.4720225000000005,6.579431249999998,2.1GHz,10,1500,1971399616
5.4803642999999935,6.5906137699999965,2.1GHz,10,2000,2064725305
5.499565499999997,6.617530930000004,2.1GHz,10,2500,2142385934
5.5423068,6.696758619999998,2.1GHz,10,3000,2217998045
5.6998676999999995,6.957360440000001,2.1GHz,10,3500,2286058417
6.3236968,8.774053730000015,2.1GHz,10,4000,2347062473
16.542478699999986,25.35276416000001,2.1GHz,10,4500,2398802758
3847.1929488499995,4009.3070460800004,2.1GHz,10,5000,2573520023
10477.056855750001,10901.46798156,2.1GHz,10,5500,2859488652
15969.009432750001,16615.15810931,2.1GHz,10,6000,3089861780
5.521815499999999,6.546173149999999,2.1GHz,11,500,1688589427
5.526893499999997,6.574458140000003,2.1GHz,11,1000,1857597296
5.52824485,6.591456639999999,2.1GHz,11,1500,1978562744
5.526830749999993,6.610000419999997,2.1GHz,11,2000,2075949946
5.571294499999999,6.688099200000001,2.1GHz,11,2500,2163959609
5.641745499999999,6.795052960000005,2.1GHz,11,3000,2246551500
5.717571649999998,6.9206727300000095,2.1GHz,11,3500,2312377625
6.2584052,8.866858050000003,2.1GHz,11,4000,2385903805
10.808252999999995,18.332565780000007,2.1GHz,11,4500,2442757785
2328.47013225,2429.54953012,2.1GHz,11,5000,2566232505
8342.1305694,8678.12735109,2.1GHz,11,5500,2827440271
15372.23920455,16007.936934740002,2.1GHz,11,6000,3134294527
5.6224647999999995,6.64780484,2.1GHz,12,500,1631951144
5.556664999999998,6.5975617500000014,2.1GHz,12,1000,1845385046
5.594762050000003,6.671808539999999,2.1GHz,12,1500,1985497664
5.6220894,6.689313549999998,2.1GHz,12,2000,2092916029
5.649447449999999,6.731232050000003,2.1GHz,12,2500,2184826072
5.7344203,6.886855219999999,2.1GHz,12,3000,2269918444
5.90562545,7.296017470000003,2.1GHz,12,3500,2347764192
6.455429249999998,9.27046746,2.1GHz,12,4000,2424492085
16.101845499999996,25.99656292,2.1GHz,12,4500,2474466749
2980.52401,3126.695651,2.1GHz,12,5000,2638930378
9632.5546783,10024.88151774,2.1GHz,12,5500,2923493859
16712.839664649997,17354.189486889998,2.1GHz,12,6000,3236612869
4.77498125,6.839893599999996,2.3GHz,1,500,1414756205
2419.1558486,2502.13162162,2.3GHz,1,1000,1752971587
30376.4853516,31583.23415145,2.3GHz,1,1500,2576187741
59397.32418659998,61950.513350179994,2.3GHz,1,2000,3438460924
89040.758557,92681.37419203001,2.3GHz,1,2500,4309372025
119127.35462229997,124181.54084444004,2.3GHz,1,3000,5200239251
149293.00047769997,155628.2203415,2.3GHz,1,3500,6090900118
180102.34154305,187670.98484006998,2.3GHz,1,4000,-255145831871
208970.23412345,217716.2907927,2.3GHz,1,4500,7847894582
239580.84483530003,249726.39861772003,2.3GHz,1,5000,8756466963
268958.0485413,280249.96656793,2.3GHz,1,5500,9619125887
299120.36491585,311721.1220106,2.3GHz,1,6000,10508469253
2.8896419499999997,3.342406129999997,2.3GHz,2,500,1453259402
3.4356107999999987,4.70395124,2.3GHz,2,1000,1706590541
6.960807250000001,10.16223949,2.3GHz,2,1500,1867110394
3566.63047015,3741.67942529,2.3GHz,2,2000,2079681139
19844.1521365,20635.62348797,2.3GHz,2,2500,2631546669
34833.43758565,36328.70322502,2.3GHz,2,3000,3149437067
50258.88006644999,52406.39690438,2.3GHz,2,3500,3676837023
66303.81511794998,69087.20959174,2.3GHz,2,4000,4226464034
81478.70168669999,84905.79420513,2.3GHz,2,4500,4740884104
94702.37231199999,98736.55369685002,2.3GHz,2,5000,5202669970
109953.63059334998,114565.78474509,2.3GHz,2,5500,5720188359
128539.4743584,133950.93440129998,2.3GHz,2,6000,6359597000
3.8689290999999995,5.929836169999999,2.3GHz,3,500,1447978349
3.7431195499999994,5.886007370000001,2.3GHz,3,1000,1722337693
4.3459803500000005,6.19967512,2.3GHz,3,1500,1843645915
7.503385949999998,10.63195003999999,2.3GHz,3,2000,1970953817
4875.97739285,5029.58778347,2.3GHz,3,2500,2205822905
16720.107628799997,17439.94549542,2.3GHz,3,3000,2627460010
29671.750156549995,30949.899861270005,2.3GHz,3,3500,3089804285
41726.55585584999,43508.1099468,2.3GHz,3,4000,3520443807
54439.996297649996,56732.28914128,2.3GHz,3,4500,3971720973
68251.10719275,71173.42537976,2.3GHz,3,5000,4466860330
79048.48953539999,82360.42342976,2.3GHz,3,5500,4849122596
92233.18502409999,96116.53898691,2.3GHz,3,6000,5320153861
4.59273565,6.153285869999993,2.3GHz,4,500,1483656480
4.460570599999998,6.137800670000001,2.3GHz,4,1000,1709628863
4.493786,6.206705599999998,2.3GHz,4,1500,1851506796
5.0169896,6.64237227,2.3GHz,4,2000,1951699288
9.397176399999987,13.063114780000003,2.3GHz,4,2500,2063066862
4751.072665499999,4965.855395550001,2.3GHz,4,3000,2270595628
15107.78840205,15774.967477000002,2.3GHz,4,3500,2653352643
25644.49912655,26747.6080789,2.3GHz,4,4000,3040483732
36538.8633004,38077.25982304,2.3GHz,4,4500,3444152438
46463.0879384,48460.301700979995,2.3GHz,4,5000,3805997032
57013.9449108,59401.252574130005,2.3GHz,4,5500,4194196477
66643.80451064999,69437.73451195001,2.3GHz,4,6000,4551364386
4.897803149999998,6.247633499999999,2.3GHz,5,500,1542453571
4.8758848499999985,6.288726400000002,2.3GHz,5,1000,1766560541
4.7917872,6.2599287699999975,2.3GHz,5,1500,1874408653
4.85843365,6.3648150099999965,2.3GHz,5,2000,1955010620
5.527285049999996,7.199986090000002,2.3GHz,5,2500,2049355471
10.659994049999998,14.62245906000001,2.3GHz,5,3000,2123319760
5598.30201355,5862.668350390003,2.3GHz,5,3500,2363704276
14312.23100285,14941.479883720001,2.3GHz,5,4000,2688950392
23152.219736349998,24132.36904111,2.3GHz,5,4500,3021609330
32399.45873635,33798.35850916,2.3GHz,5,5000,3373481232
41243.5556823,42965.021160180004,2.3GHz,5,5500,3704682899
50632.78236204999,52750.048579990005,2.3GHz,5,6000,4063018529
5.0973531,6.365953159999998,2.3GHz,6,500,1528168696
5.043365549999998,6.323056290000001,2.3GHz,6,1000,1789259336
4.983730950000001,6.310539109999997,2.3GHz,6,1500,1888839769
4.985295399999999,6.345527359999995,2.3GHz,6,2000,1969567102
5.20272655,6.603662470000003,2.3GHz,6,2500,2047250313
5.930689199999995,7.7368711400000025,2.3GHz,6,3000,2140067276
15.702529649999999,24.53501095000001,2.3GHz,6,3500,2217929076
6200.828924349999,6491.714020650001,2.3GHz,6,4000,2476356636
13990.241004049998,14581.27909788,2.3GHz,6,4500,2779838892
22347.86597415,23336.03373675,2.3GHz,6,5000,3105342331
29822.866461550002,31063.35972522,2.3GHz,6,5500,3402361346
37331.80424899999,38886.01912914,2.3GHz,6,6000,3691936471
5.223709249999999,6.432421959999997,2.3GHz,7,500,1546775460
5.271720199999994,6.49496228,2.3GHz,7,1000,1797971105
5.152248350000001,6.3934355899999975,2.3GHz,7,1500,1913591232
5.136370049999989,6.3897910499999995,2.3GHz,7,2000,1994536276
5.192631,6.491612230000001,2.3GHz,7,2500,2073989808
5.4838195,6.876744980000002,2.3GHz,7,3000,2158559477
6.496616499999998,8.885101710000013,2.3GHz,7,3500,2235981825
377.9163579,418.8557936,2.3GHz,7,4000,2321495338
7132.608135200001,7448.18514188,2.3GHz,7,4500,2595483162
15245.443668399997,15926.08777944,2.3GHz,7,5000,2930747075
21556.0719554,22460.33702747,2.3GHz,7,5500,3183785795
28519.04360995,29697.75421482,2.3GHz,7,6000,3460773184
5.391409149999999,6.4803816599999955,2.3GHz,8,500,1593496653
5.305721999999998,6.460869420000001,2.3GHz,8,1000,1798930514
5.28128375,6.461169799999997,2.3GHz,8,1500,1933741510
5.307845749999998,6.488690579999999,2.3GHz,8,2000,2025764590
5.276555049999999,6.504843590000009,2.3GHz,8,2500,2101195549
5.379094499999998,6.665410650000003,2.3GHz,8,3000,2163097795
5.71354795,7.197800750000001,2.3GHz,8,3500,2239701969
7.898592399999999,11.023978930000002,2.3GHz,8,4000,2319480635
1811.0307301500002,1909.5009315300001,2.3GHz,8,4500,2437116869
8388.7105344,8771.85420532,2.3GHz,8,5000,-259429285749
15298.2363039,15915.314192150001,2.3GHz,8,5500,2999229382
22620.87979335,23552.73498405,2.3GHz,8,6000,3310163768
5.431411749999999,6.51803416,2.3GHz,9,500,1648976613
5.398321649999994,6.49776469,2.3GHz,9,1000,1833284796
5.412369249999999,6.560932749999997,2.3GHz,9,1500,1954172670
5.361983249999997,6.51617077,2.3GHz,9,2000,2041316552
5.4088132,6.574148980000002,2.3GHz,9,2500,2124214715
5.449684349999997,6.65805321,2.3GHz,9,3000,2201051555
5.62012775,6.9459102700000015,2.3GHz,9,3500,2260019483
6.498809999999999,8.973307800000002,2.3GHz,9,4000,2349258574
19.95950385,27.69207284000002,2.3GHz,9,4500,2428191904
4319.508057,4526.700134,2.3GHz,9,5000,2621772463
10086.9637736,10497.135561330002,2.3GHz,9,5500,2865812244
16781.1127194,17460.488527100002,2.3GHz,9,6000,3158740266
5.5018686,6.546608959999996,2.3GHz,10,500,1651725386
5.4766175499999985,6.561459020000001,2.3GHz,10,1000,1864330554
5.45543555,6.551119979999998,2.3GHz,10,1500,1972283647
5.490980399999998,6.592163119999997,2.3GHz,10,2000,2065390464
5.5324174,6.663261890000001,2.3GHz,10,2500,2162442279
5.509555,6.6613787,2.3GHz,10,3000,2229759550
5.63711959999999,6.857790510000003,2.3GHz,10,3500,2296640788
6.0062532499999985,7.825540720000001,2.3GHz,10,4000,2360157777
8.7810177,13.690291410000022,2.3GHz,10,4500,2441872045
2328.54638265,2439.9952508,2.3GHz,10,5000,2606764323
7040.4893943,7351.103596800001,2.3GHz,10,5500,2813710632
13104.579157799999,13640.66901423,2.3GHz,10,6000,3076867977
5.5580184,6.56430701,2.3GHz,11,500,1651030380
5.537848849999999,6.57959838,2.3GHz,11,1000,1853176896
5.5413536500000005,6.608929729999995,2.3GHz,11,1500,1981290338
5.54980195,6.6431856499999995,2.3GHz,11,2000,2079398547
5.57689145,6.675978070000003,2.3GHz,11,2500,2175863631
5.6002405999999985,6.731160600000001,2.3GHz,11,3000,2250367224
5.717349649999994,6.919614,2.3GHz,11,3500,2330809768
6.094775349999999,8.498075200000029,2.3GHz,11,4000,2391796245
7.719862849999997,13.865428420000018,2.3GHz,11,4500,2452793892
1550.219065,1626.026053,2.3GHz,11,5000,2598632386
6317.7768700999995,6582.97059355,2.3GHz,11,5500,2813069825
12595.67135255,13058.46823013,2.3GHz,11,6000,3084328713
5.565381149999999,6.57271651,2.3GHz,12,500,1716137635
5.57342115,6.608861020000002,2.3GHz,12,1000,1857883916
5.6258719,6.6899594099999975,2.3GHz,12,1500,1988091346
5.611202749999999,6.67585533,2.3GHz,12,2000,2093787547
5.662361299999998,6.775568660000005,2.3GHz,12,2500,2192859376
5.72522655,6.8839705500000035,2.3GHz,12,3000,2280186057
5.846387299999998,7.10642002,2.3GHz,12,3500,2361850216
6.26264,9.826385580000014,2.3GHz,12,4000,2424500447
11.826608149999998,20.26283320000004,2.3GHz,12,4500,2498462903
2484.7982517,2581.3430392600003,2.3GHz,12,5000,2638128378
8249.5920072,8595.8667164,2.3GHz,12,5500,2894056495
14621.39531745,15163.8522783,2.3GHz,12,6000,3174710378
4.2648565499999975,6.114757629999991,2.5GHz,1,500,1465988435
47.873480199999975,71.65781240999999,2.5GHz,1,1000,1725300087
23741.984272200003,24671.36140287,2.5GHz,1,1500,2481374629
52286.10948129997,54534.314918159995,2.5GHz,1,2000,3362837339
80026.83019924999,83293.18843556999,2.5GHz,1,2500,4214660537
105226.31242839998,109691.40243969002,2.5GHz,1,3000,4990626690
135384.39190729999,141128.57713191002,2.5GHz,1,3500,5919962994
160215.41268105002,166952.71564667003,2.5GHz,1,4000,6682838055
187369.22655549998,195211.70447864,2.5GHz,1,4500,7514238637
218526.02812685,227784.77513561002,2.5GHz,1,5000,8469430223
245151.02948779997,255441.76551756,2.5GHz,1,5500,9295477669
274130.16354745,285682.94873348007,2.5GHz,1,6000,10193364347
2.7130676499999993,3.127549969999999,2.5GHz,2,500,1371882962
2.9932754499999996,3.9485257200000072,2.5GHz,2,1000,1658175077
4.814369050000001,6.971682549999998,2.5GHz,2,1500,1900648454
80.54252469999994,93.12917619999996,2.5GHz,2,2000,2032159287
14083.20665495,14615.702141,2.5GHz,2,2500,2540145597
28358.345538399997,29565.59835215,2.5GHz,2,3000,3051322816
42561.943975849994,44378.10507448,2.5GHz,2,3500,3559145308
55650.850237249986,58005.07740067,2.5GHz,2,4000,4025826425
69837.9947632,72766.90887965,2.5GHz,2,4500,4530696043
83496.82567785,87033.86466747001,2.5GHz,2,5000,5020501674
100938.73486815,105181.47586569,2.5GHz,2,5500,5642254111
112879.98005315,117630.21504104,2.5GHz,2,6000,6066817171
3.854285699999997,5.937196479999996,2.5GHz,3,500,1470105123
3.620237399999998,5.822545290000001,2.5GHz,3,1000,1706887903
4.017447000000003,5.989362259999992,2.5GHz,3,1500,1852426715
5.626857449999999,7.8168298599999915,2.5GHz,3,2000,2022197399
345.13355015,364.6248197400001,2.5GHz,3,2500,2130897377
12472.67751125,13013.22824095,2.5GHz,3,3000,2571443673
23190.600797549996,24196.897505280005,2.5GHz,3,3500,2968498382
35283.383127149995,36789.933486760005,2.5GHz,3,4000,3413249746
47228.48314265,49215.54089062,2.5GHz,3,4500,3853906638
58430.4387356,60932.97235657001,2.5GHz,3,5000,4274072737
69179.3262332,72077.40989652,2.5GHz,3,5500,4670687567
81489.66735809998,84881.01930117,2.5GHz,3,6000,-257020336350
4.58234445,6.189150589999994,2.5GHz,4,500,1495551347
4.40939645,6.114956340000004,2.5GHz,4,1000,1722856856
4.384566050000002,6.17441425,2.5GHz,4,1500,1845001380
4.7346059999999985,6.399090759999993,2.5GHz,4,2000,1966427644
6.435038349999998,8.858136860000002,2.5GHz,4,2500,2116391249
1415.67439425,1482.8703688100002,2.5GHz,4,3000,2234661393
10896.338428949999,11384.59974542,2.5GHz,4,3500,2599283263
21390.5746108,22319.1342988,2.5GHz,4,4000,2999606884
30621.153952599998,31928.737338590003,2.5GHz,4,4500,3360674502
40871.28124165,42633.44873599,2.5GHz,4,5000,3750182600
50021.66173025,52115.66294697,2.5GHz,4,5500,4098102424
60451.74029715,62996.7672908,2.5GHz,4,6000,4510445484
4.90038905,6.2366444299999975,2.5GHz,5,500,1523634100
4.815000749999997,6.234629540000001,2.5GHz,5,1000,1754439662
4.758539150000002,6.244117039999996,2.5GHz,5,1500,1868435036
4.767452399999996,6.286701729999991,2.5GHz,5,2000,1954934754
5.2062817,6.768514790000014,2.5GHz,5,2500,2095578314
7.1514817,10.129679890000011,2.5GHz,5,3000,2188901806
2298.20103135,2431.568712220001,2.5GHz,5,3500,2338110530
10665.62312105,11137.78943495,2.5GHz,5,4000,2666332163
19427.62784225,20246.89191206,2.5GHz,5,4500,3011007489
27913.715098,29128.25211487,2.5GHz,5,5000,3344042526
36873.495153799995,38409.99703584,2.5GHz,5,5500,3699396902
44438.622498199984,46298.2894858,2.5GHz,5,6000,3994414396
5.067562199999999,6.350485949999999,2.5GHz,6,500,1546247018
5.01876165,6.324821160000001,2.5GHz,6,1000,1783244947
4.983228950000001,6.3065712099999995,2.5GHz,6,1500,1894954133
4.9586441499999925,6.329600159999998,2.5GHz,6,2000,1979845823
5.040755099999997,6.469881530000002,2.5GHz,6,2500,2060531407
5.502673999999998,7.039659720000013,2.5GHz,6,3000,2187323746
9.002374999999997,12.367898550000005,2.5GHz,6,3500,2287731814
3116.10202445,3280.33065822,2.5GHz,6,4000,2444012420
10770.3135396,11248.70484556,2.5GHz,6,4500,2753707734
17884.715814299994,18676.41545665,2.5GHz,6,5000,3046145094
27011.0284172,28133.53353935,2.5GHz,6,5500,3424112389
33706.65423839999,35104.430682260005,2.5GHz,6,6000,3699083548
5.231170249999999,6.411967619999999,2.5GHz,7,500,1649547107
5.253373999999999,6.492567590000002,2.5GHz,7,1000,1823660981
5.148131900000001,6.3994788599999985,2.5GHz,7,1500,1914577557
5.111521649999999,6.37730726,2.5GHz,7,2000,2001416752
5.14015415,6.437771450000008,2.5GHz,7,2500,2076516412
5.321158699999999,6.674239680000005,2.5GHz,7,3000,2166097909
5.806479849999999,7.5402770400000145,2.5GHz,7,3500,2275670322
15.477022299999991,24.042657190000046,2.5GHz,7,4000,2367612530
5084.44485715,5312.35055417,2.5GHz,7,4500,2591660845
11422.3375388,11933.89508711,2.5GHz,7,5000,2855007889
18143.422940849996,18881.117106780002,2.5GHz,7,5500,3140733292
25427.91612795,26464.44980728,2.5GHz,7,6000,3441521829
5.363321749999999,6.477600489999995,2.5GHz,8,500,1556559309
5.296534799999999,6.454213780000002,2.5GHz,8,1000,1796496744
5.317530500000004,6.515748769999999,2.5GHz,8,1500,1935270253
5.252309549999998,6.455990119999998,2.5GHz,8,2000,2021081618
5.2335383,6.454627140000007,2.5GHz,8,2500,2101475150
5.310989900000001,6.581084879999999,2.5GHz,8,3000,2169327454
5.514857099999999,6.87321526,2.5GHz,8,3500,2266645931
6.796268649999999,9.37799765000001,2.5GHz,8,4000,2388268056
77.96653004999999,85.47904933000001,2.5GHz,8,4500,2453940678
6542.982073300001,6837.60766304,2.5GHz,8,5000,2739635992
12529.23644705,13047.770963190002,2.5GHz,8,5500,2993237455
19675.982576,20482.36218346,2.5GHz,8,6000,3310648263
5.434129850000001,6.51604594,2.5GHz,9,500,1602944078
5.424221699999997,6.512726710000003,2.5GHz,9,1000,1822581882
5.37538195,6.523267019999997,2.5GHz,9,1500,1960711473
5.346427299999997,6.496075479999997,2.5GHz,9,2000,2048646367
5.362700449999999,6.546607540000004,2.5GHz,9,2500,2132406467
5.369156149999998,6.593765160000001,2.5GHz,9,3000,2206932705
5.576575649999999,6.8405165100000005,2.5GHz,9,3500,2287273991
5.874032099999997,7.465337580000001,2.5GHz,9,4000,2380677316
8.97324245,13.903377840000003,2.5GHz,9,4500,2474154616
1978.0412643,2072.79686619,2.5GHz,9,5000,2611077361
8864.674254049998,9221.47288745,2.5GHz,9,5500,2926178727
15079.4934427,15695.062558590002,2.5GHz,9,6000,3196048825
5.514854649999999,6.55926246,2.5GHz,10,500,1648280876
5.468710349999999,6.542870330000001,2.5GHz,10,1000,1829619889
5.453462850000001,6.568387539999997,2.5GHz,10,1500,1966824494
5.465971499999999,6.568532839999996,2.5GHz,10,2000,2064998253
5.4543777499999955,6.580175100000002,2.5GHz,10,2500,2153584758
5.4744123,6.650773820000009,2.5GHz,10,3000,2226895422
5.6404171,6.884534140000001,2.5GHz,10,3500,2305285419
5.902316999999999,7.476537420000003,2.5GHz,10,4000,2379300000
7.53099,11.309462,2.5GHz,10,4500,2495688558
78.22858894999999,90.30422153000009,2.5GHz,10,5000,2584323096
4950.926329350001,5144.94158649,2.5GHz,10,5500,2803236232
10835.9510048,11273.585265700001,2.5GHz,10,6000,3068344989
5.581681099999996,6.595287319999998,2.5GHz,11,500,1614663591
5.5282708,6.579202950000001,2.5GHz,11,1000,1839676076
5.527033950000001,6.603387009999996,2.5GHz,11,1500,1981288079
5.542919799999999,6.632581569999999,2.5GHz,11,2000,2083656348
5.553145399999999,6.677081620000001,2.5GHz,11,2500,2174756152
5.612839349999999,6.756613120000001,2.5GHz,11,3000,2259605787
5.689227699999999,6.934372360000001,2.5GHz,11,3500,2329151997
5.938584849999998,7.618701940000017,2.5GHz,11,4000,2401340960
7.003418699999997,12.061384770000002,2.5GHz,11,4500,2474996472
18.654024799999995,29.712514420000012,2.5GHz,11,5000,2575924924
3284.9515269,3384.26937876,2.5GHz,11,5500,2769679800
10287.155654350001,10698.680264210001,2.5GHz,11,6000,3089627710
5.5614322,6.5806555399999995,2.5GHz,12,500,1653212687
5.5549833500000005,6.5866747100000005,2.5GHz,12,1000,1859814819
5.59914305,6.658920039999996,2.5GHz,12,1500,1990254060
5.598991149999999,6.667952459999998,2.5GHz,12,2000,2097092715
5.708638,6.818062,2.5GHz,12,2500,2198855028
5.726538499999999,6.889289080000004,2.5GHz,12,3000,2287051579
5.7967773499999975,7.014793860000002,2.5GHz,12,3500,2360398620
6.270155299999999,9.294518470000002,2.5GHz,12,4000,2437448899
9.64920765,24.480796660000003,2.5GHz,12,4500,2499657907
382.2985985,391.78879106000005,2.5GHz,12,5000,2588129116
7506.46102745,7785.1024965999995,2.5GHz,12,5500,2913919725
12921.74006865,13455.04822642,2.5GHz,12,6000,3153975812
