  Key Length |   QueueTimes | ServiceTimes | SojournTimes

      11.000 |        0.207 |        6.802 |        7.009
       9.000 |        0.193 |        4.232 |        4.425
      13.000 |        0.210 |        0.985 |        1.195
       6.000 |        0.207 |        4.248 |        4.454
       4.000 |        0.191 |        2.333 |        2.523
       9.000 |        0.204 |        1.806 |        2.011
       7.000 |        0.197 |        1.031 |        1.227
      10.000 |        0.192 |        3.356 |        3.548
       5.000 |        0.198 |        0.801 |        0.999
       6.000 |        0.195 |        3.114 |        3.310
       9.000 |        0.196 |        4.677 |        4.873
      10.000 |        0.199 |        1.255 |        1.455
      10.000 |        0.191 |        1.393 |        1.584
      10.000 |        0.179 |        3.436 |        3.615
       7.000 |        0.194 |        1.272 |        1.466
       8.000 |        0.194 |        3.182 |        3.375
      12.000 |        0.190 |        3.829 |        4.019
       9.000 |        0.200 |        1.071 |        1.271
      11.000 |        0.199 |        1.852 |        2.050
      12.000 |        0.207 |        1.031 |        1.238
       7.000 |        0.194 |        2.395 |        2.589
       7.000 |        0.201 |        1.387 |        1.588
       9.000 |        0.201 |        1.188 |        1.389
      11.000 |        0.201 |        5.718 |        5.920
      11.000 |        0.203 |        2.726 |        2.929
       8.000 |        0.198 |        1.419 |        1.616
       5.000 |        0.199 |        1.496 |        1.695
      13.000 |        0.190 |        3.950 |        4.141
       9.000 |        0.206 |        0.865 |        1.070
       7.000 |        0.193 |        1.225 |        1.418
       8.000 |        0.197 |        0.824 |        1.021
      11.000 |        0.208 |        1.790 |        1.998
       9.000 |        0.197 |        1.836 |        2.033
       9.000 |        0.195 |        1.452 |        1.647
      10.000 |        0.198 |        1.261 |        1.460
       8.000 |        0.206 |        3.796 |        4.002
       7.000 |        0.174 |        2.722 |        2.896
      10.000 |        0.200 |        3.945 |        4.145
       5.000 |        0.192 |        1.416 |        1.608
      10.000 |        0.186 |        1.582 |        1.769
       5.000 |        0.190 |        2.132 |        2.322
       9.000 |        0.207 |        4.886 |        5.094
      17.000 |        0.206 |        3.676 |        3.882
      10.000 |        0.207 |        1.027 |        1.235
       5.000 |        0.195 |        5.227 |        5.422
      14.000 |        0.202 |        1.031 |        1.233
       5.000 |        0.193 |        4.300 |        4.494
       6.000 |        0.195 |        2.581 |        2.776
       9.000 |        0.184 |        1.578 |        1.762
       6.000 |        0.193 |        1.011 |        1.204
       6.000 |        0.194 |        2.537 |        2.731
       7.000 |        0.193 |        1.042 |        1.235
       5.000 |        0.196 |        0.985 |        1.180
      12.000 |        0.189 |        1.657 |        1.847
      11.000 |        0.199 |        2.761 |        2.960
       6.000 |        0.205 |        1.898 |        2.103
      11.000 |        0.193 |        3.757 |        3.950
      12.000 |        0.191 |        3.768 |        3.959
       8.000 |        0.192 |        0.876 |        1.067
       6.000 |        0.192 |        1.028 |        1.221
       8.000 |        0.191 |        2.095 |        2.286
      10.000 |        0.189 |        0.900 |        1.089
      10.000 |        0.197 |        1.718 |        1.915
      10.000 |        0.165 |        1.441 |        1.606
      11.000 |        0.200 |        1.428 |        1.629
       7.000 |        0.197 |        5.006 |        5.203
       6.000 |        0.196 |        3.195 |        3.391
      10.000 |        0.199 |        0.947 |        1.147
       8.000 |        0.206 |        2.746 |        2.951
      10.000 |        0.195 |        3.393 |        3.588
       5.000 |        0.204 |        1.298 |        1.501
      14.000 |        0.191 |        1.545 |        1.736
      10.000 |        0.225 |        0.942 |        1.167
       5.000 |        0.193 |        1.493 |        1.686
       4.000 |        0.182 |        3.424 |        3.605
       8.000 |        0.206 |        1.735 |        1.941
       8.000 |        0.205 |        0.627 |        0.832
      11.000 |        0.196 |        1.014 |        1.211
      12.000 |        0.199 |        1.365 |        1.564
       7.000 |        0.204 |        0.997 |        1.202
       7.000 |        0.194 |        2.717 |        2.911
      12.000 |        0.201 |        2.329 |        2.531
      13.000 |        0.197 |        0.967 |        1.164
       6.000 |        0.188 |        1.917 |        2.105
       8.000 |        0.208 |        1.973 |        2.181
       9.000 |        0.208 |        1.334 |        1.543
       7.000 |        0.207 |        0.823 |        1.029
      12.000 |        0.206 |        0.977 |        1.183
      14.000 |        0.194 |        2.320 |        2.514
       9.000 |        0.196 |        0.960 |        1.157
      11.000 |        0.196 |        0.929 |        1.125
      18.000 |        0.198 |        5.568 |        5.766
      11.000 |        0.204 |        3.142 |        3.346
       4.000 |        0.192 |        3.917 |        4.109
      11.000 |        0.201 |        2.289 |        2.491
       6.000 |        0.164 |        3.579 |        3.742
       9.000 |        0.207 |        4.895 |        5.101
       7.000 |        0.194 |        1.486 |        1.681
      11.000 |        0.202 |        1.859 |        2.061
       7.000 |        0.206 |        1.184 |        1.389
      13.000 |        0.199 |        1.480 |        1.679
      12.000 |        0.202 |        2.763 |        2.965
       7.000 |        0.191 |        3.322 |        3.514
       7.000 |        0.199 |        3.909 |        4.108
       8.000 |        0.204 |        0.942 |        1.146
       9.000 |        0.206 |        1.553 |        1.759
       6.000 |        0.189 |        1.522 |        1.711
      11.000 |        0.210 |        1.145 |        1.355
       8.000 |        0.203 |        2.079 |        2.283
       9.000 |        0.211 |        0.856 |        1.067
       6.000 |        0.193 |        4.499 |        4.692
       5.000 |        0.224 |        1.686 |        1.910
       7.000 |        0.201 |        7.031 |        7.232
       8.000 |        0.203 |        1.106 |        1.309
       9.000 |        0.205 |        6.290 |        6.494
       8.000 |        0.212 |        5.904 |        6.116
       5.000 |        0.203 |        0.769 |        0.973
       9.000 |        0.191 |        2.713 |        2.904
      13.000 |        0.193 |        5.113 |        5.306
       5.000 |        0.180 |        2.972 |        3.152
      11.000 |        0.202 |        3.333 |        3.535
       6.000 |        0.202 |        1.105 |        1.307
       9.000 |        0.212 |        1.658 |        1.870
       6.000 |        0.201 |        1.098 |        1.299
       9.000 |        0.192 |        1.290 |        1.482
      10.000 |        0.195 |        1.822 |        2.016
      10.000 |        0.191 |        1.316 |        1.507
      11.000 |        0.199 |        2.060 |        2.259
       9.000 |        0.204 |        0.954 |        1.158
       7.000 |        0.192 |        2.860 |        3.052
      10.000 |        0.191 |        0.922 |        1.113
       8.000 |        0.201 |        2.168 |        2.368
       7.000 |        0.197 |        2.727 |        2.923
      10.000 |        0.197 |        1.202 |        1.399
       8.000 |        0.194 |        1.149 |        1.342
       4.000 |        0.209 |        3.201 |        3.410
      14.000 |        0.206 |        1.517 |        1.723
       9.000 |        0.196 |        1.343 |        1.539
      13.000 |        0.195 |        0.996 |        1.191
       9.000 |        0.111 |        2.340 |        2.451
       5.000 |        0.203 |        0.838 |        1.041
       6.000 |        0.197 |        1.028 |        1.225
       6.000 |        0.200 |        2.155 |        2.356
       7.000 |        0.198 |        6.145 |        6.343
      10.000 |        0.195 |        1.020 |        1.215
       6.000 |        0.197 |        3.099 |        3.296
      10.000 |        0.210 |        3.309 |        3.519
       6.000 |        0.199 |        1.130 |        1.329
       4.000 |        0.195 |        3.994 |        4.189
      11.000 |        0.199 |        4.155 |        4.354
       8.000 |        0.165 |        2.904 |        3.070
       7.000 |        0.242 |        5.992 |        6.235
       4.000 |        0.194 |        2.618 |        2.812
      18.000 |        0.208 |        5.410 |        5.618
       7.000 |        0.205 |        2.913 |        3.119
      15.000 |        0.199 |        2.768 |        2.967
       7.000 |        0.175 |        1.569 |        1.744
       3.000 |        0.192 |        6.325 |        6.516
       9.000 |        0.204 |        1.091 |        1.294
      10.000 |        0.209 |        6.780 |        6.989
      11.000 |        0.197 |        2.120 |        2.316
      11.000 |        0.164 |        3.238 |        3.402
       7.000 |        0.192 |        4.322 |        4.514
       5.000 |        0.206 |        2.055 |        2.261
      12.000 |        0.202 |        1.373 |        1.575
       9.000 |        0.178 |        5.191 |        5.370
      11.000 |        0.164 |        5.217 |        5.381
       8.000 |        0.203 |        1.232 |        1.435
       8.000 |        0.206 |        2.306 |        2.511
      11.000 |        0.195 |        3.549 |        3.745
       4.000 |        0.197 |        1.021 |        1.219
       6.000 |        0.196 |        5.561 |        5.757
       7.000 |        0.194 |        6.778 |        6.973
       7.000 |        0.179 |        3.034 |        3.213
      10.000 |        0.196 |        3.470 |        3.666
       9.000 |        0.209 |        1.034 |        1.243
      10.000 |        0.202 |        2.691 |        2.893
       6.000 |        0.201 |        1.418 |        1.619
       7.000 |        0.202 |        0.993 |        1.195
       6.000 |        0.204 |        2.512 |        2.717
      12.000 |        0.192 |        1.215 |        1.407
       9.000 |        0.204 |        1.268 |        1.472
       9.000 |        0.212 |        1.697 |        1.908
       6.000 |        0.198 |        2.015 |        2.213
      10.000 |        0.193 |        1.399 |        1.593
      13.000 |        0.203 |        5.242 |        5.445
       5.000 |        0.196 |        1.252 |        1.449
       9.000 |        0.171 |        0.888 |        1.059
       9.000 |        0.246 |        5.897 |        6.142
       6.000 |        0.201 |        1.338 |        1.539
       6.000 |        0.205 |        1.025 |        1.230
       9.000 |        0.196 |        1.235 |        1.431
      10.000 |        0.204 |        3.005 |        3.209
       5.000 |        0.194 |        1.134 |        1.328
      11.000 |        0.213 |        5.852 |        6.065
      11.000 |        0.201 |        1.583 |        1.784
       5.000 |        0.197 |        2.647 |        2.844
      10.000 |        0.196 |        1.543 |        1.739
       5.000 |        0.196 |        1.446 |        1.642
       8.000 |        0.194 |        1.156 |        1.350
       7.000 |        0.193 |        1.021 |        1.214
      10.000 |        0.164 |        2.440 |        2.605
      12.000 |        0.166 |        3.744 |        3.910
       5.000 |        0.172 |        1.043 |        1.215
      11.000 |        0.188 |        1.121 |        1.308
       6.000 |        0.208 |        0.921 |        1.129
      14.000 |        0.208 |        5.320 |        5.528
       9.000 |        0.201 |        4.906 |        5.108
      13.000 |        0.195 |        1.203 |        1.398
       5.000 |        0.190 |        1.388 |        1.578
       4.000 |        0.210 |        3.489 |        3.698
       4.000 |        0.200 |        2.367 |        2.567
      13.000 |        0.215 |        6.686 |        6.901
       7.000 |        0.193 |        1.045 |        1.237
       7.000 |        0.158 |        0.917 |        1.075
      12.000 |        0.204 |        2.757 |        2.962
       6.000 |        0.197 |        0.908 |        1.105
      12.000 |        0.201 |        0.882 |        1.083
       8.000 |        0.198 |        0.897 |        1.095
       6.000 |        0.206 |        2.392 |        2.599
       7.000 |        0.194 |        1.545 |        1.739
       7.000 |        0.206 |        1.330 |        1.536
      10.000 |        0.201 |        1.059 |        1.260
       8.000 |        0.204 |        1.040 |        1.244
       7.000 |        0.202 |        1.147 |        1.348
       6.000 |        0.201 |        0.843 |        1.044
       7.000 |        0.205 |        1.008 |        1.213
      11.000 |        0.185 |        1.124 |        1.310
       4.000 |        0.210 |        5.119 |        5.329
      11.000 |        0.188 |        1.049 |        1.236
      13.000 |        0.201 |        2.074 |        2.274
      10.000 |        0.209 |        0.941 |        1.150
      10.000 |        0.191 |        1.023 |        1.214
      10.000 |        0.176 |        3.921 |        4.096
      10.000 |        0.206 |        4.406 |        4.612
       4.000 |        0.199 |        2.903 |        3.102
       7.000 |        0.204 |        3.846 |        4.050
       7.000 |        0.202 |        1.846 |        2.048
       8.000 |        0.191 |        6.385 |        6.576
       5.000 |        0.198 |        3.424 |        3.621
       8.000 |        0.198 |        4.451 |        4.648
       9.000 |        0.182 |        1.111 |        1.293
       8.000 |        0.196 |        2.836 |        3.032
       6.000 |        0.200 |        1.157 |        1.357
       8.000 |        0.199 |        4.848 |        5.047
       8.000 |        0.206 |        4.174 |        4.380
       7.000 |        0.200 |        1.146 |        1.347
       9.000 |        0.195 |        1.509 |        1.703
       4.000 |        0.206 |        1.442 |        1.648
       6.000 |        0.194 |        0.880 |        1.074
       9.000 |        0.199 |        1.616 |        1.815
      11.000 |        0.193 |        5.661 |        5.853
       8.000 |        0.192 |        1.743 |        1.935
       7.000 |        0.211 |        1.113 |        1.324
       8.000 |        0.196 |        4.441 |        4.637
       6.000 |        0.212 |        1.053 |        1.265
      10.000 |        0.197 |        1.227 |        1.425
      11.000 |        0.200 |        0.865 |        1.065
       7.000 |        0.193 |        2.648 |        2.841
       6.000 |        0.169 |        5.871 |        6.040
       7.000 |        0.204 |        4.181 |        4.385
       8.000 |        0.199 |        4.510 |        4.709
       8.000 |        0.179 |        1.579 |        1.758
       6.000 |        0.199 |        1.367 |        1.566
      12.000 |        0.202 |        4.023 |        4.225
       8.000 |        0.186 |        2.481 |        2.668
      11.000 |        0.200 |        0.966 |        1.165
      12.000 |        0.200 |        1.071 |        1.271
       6.000 |        0.196 |        1.167 |        1.363
      11.000 |        0.190 |        1.450 |        1.640
       9.000 |        0.194 |        1.711 |        1.906
       8.000 |        0.198 |        1.489 |        1.687
      10.000 |        0.198 |        5.803 |        6.000
      14.000 |        0.182 |        1.771 |        1.952
      10.000 |        0.211 |        1.040 |        1.251
      10.000 |        0.207 |        0.775 |        0.982
       7.000 |        0.182 |        3.205 |        3.387
       5.000 |        0.193 |        4.305 |        4.498
      10.000 |        0.204 |        2.694 |        2.898
       5.000 |        0.209 |        1.913 |        2.122
      11.000 |        0.196 |        2.202 |        2.398
       9.000 |        0.194 |        4.461 |        4.654
       7.000 |        0.163 |        1.106 |        1.270
       7.000 |        0.203 |        2.539 |        2.742
      10.000 |        0.201 |        2.410 |        2.611
       5.000 |        0.200 |        1.694 |        1.894
       6.000 |        0.192 |        1.937 |        2.129
       7.000 |        0.205 |        5.376 |        5.581
       5.000 |        0.201 |        3.784 |        3.985
       7.000 |        0.200 |        1.223 |        1.423
      10.000 |        0.198 |        3.034 |        3.232
       5.000 |        0.200 |        1.572 |        1.772
      10.000 |        0.198 |        0.893 |        1.091
      16.000 |        0.197 |        1.761 |        1.958
       8.000 |        0.193 |        1.638 |        1.831
      18.000 |        0.201 |        1.050 |        1.252
       8.000 |        0.190 |        2.972 |        3.163
       7.000 |        0.205 |        1.234 |        1.439
       8.000 |        0.196 |        1.116 |        1.312
      13.000 |        0.194 |        3.527 |        3.721
       9.000 |        0.195 |        1.119 |        1.313
       9.000 |        0.195 |        0.895 |        1.090
       8.000 |        0.211 |        0.948 |        1.158
      14.000 |        0.190 |        0.972 |        1.162
       4.000 |        0.205 |        1.127 |        1.331
       9.000 |        0.191 |        1.436 |        1.627
      12.000 |        0.208 |        0.950 |        1.158
       7.000 |        0.192 |        0.930 |        1.122
       6.000 |        0.192 |        0.874 |        1.066
      11.000 |        0.206 |        1.912 |        2.119
       6.000 |        0.203 |        4.889 |        5.092
       9.000 |        0.184 |        1.087 |        1.272
       5.000 |        0.193 |        4.354 |        4.547
       9.000 |        0.191 |        2.853 |        3.044
       6.000 |        0.185 |        4.599 |        4.784
      10.000 |        0.198 |        0.988 |        1.187
       8.000 |        0.194 |        2.543 |        2.737
      16.000 |        0.189 |        4.602 |        4.791
       6.000 |        0.194 |        2.564 |        2.758
       7.000 |        0.197 |        2.618 |        2.815
      10.000 |        0.203 |        1.414 |        1.617
       6.000 |        0.190 |        2.714 |        2.904
       7.000 |        0.198 |        1.368 |        1.566
      12.000 |        0.203 |        1.823 |        2.026
       4.000 |        0.205 |        1.567 |        1.772
      11.000 |        0.199 |        4.713 |        4.912
       7.000 |        0.181 |        3.787 |        3.968
       7.000 |        0.192 |        2.950 |        3.143
       6.000 |        0.183 |        1.063 |        1.245
       8.000 |        0.205 |        1.267 |        1.472
      10.000 |        0.192 |        2.973 |        3.165
       8.000 |        0.186 |        0.874 |        1.060
      10.000 |        0.196 |        1.403 |        1.599
       9.000 |        0.201 |        1.519 |        1.720
       8.000 |        0.183 |        3.426 |        3.609
       6.000 |        0.209 |        3.262 |        3.471
       8.000 |        0.189 |        5.879 |        6.068
       8.000 |        0.193 |        1.595 |        1.789
      11.000 |        0.195 |        1.140 |        1.335
       9.000 |        0.201 |        1.323 |        1.523
       8.000 |        0.199 |        1.615 |        1.814
      14.000 |        0.192 |        1.784 |        1.976
      11.000 |        0.195 |        3.784 |        3.979
      15.000 |        0.205 |        2.107 |        2.312
      11.000 |        0.201 |        1.822 |        2.022
      13.000 |        0.216 |        5.318 |        5.534
      14.000 |        0.200 |        1.224 |        1.424
       8.000 |        0.185 |        1.488 |        1.673
      15.000 |        0.195 |        1.195 |        1.390
      11.000 |        0.196 |        6.762 |        6.958
       6.000 |        0.201 |        2.499 |        2.700
       6.000 |        0.235 |        2.816 |        3.052
      14.000 |        0.205 |        0.805 |        1.011
      11.000 |        0.198 |        1.251 |        1.449
      15.000 |        0.199 |        2.939 |        3.137
       8.000 |        0.194 |        3.637 |        3.830
       6.000 |        0.193 |        5.419 |        5.612
       9.000 |        0.197 |        2.653 |        2.850
       6.000 |        0.194 |        1.006 |        1.200
       5.000 |        0.206 |        2.030 |        2.236
